177,28	292,500
177,50	292,500
177,72	292,500
177,94	-13,333
178,16	-338,462
178,37	160,188
178,59	72,792
178,81	12,153
179,03	-76,777
179,25	-84,956
179,47	-197,462
179,69	-50,845
179,90	-24,054
180,12	-23,517
180,34	-5,098
180,56	28,933
180,78	33,706
181,00	40,372
181,22	45,826
181,43	47,120
181,65	47,490
181,87	47,770
182,09	48,052
182,31	42,011
182,53	42,171
182,74	42,750
182,96	35,219
183,18	34,711
183,40	35,000
183,62	31,596
183,84	35,467
184,05	37,483
184,27	38,538
184,49	38,281
184,71	38,856
184,93	40,919
185,15	36,769
185,36	39,531
185,58	41,444
185,80	39,032
186,02	38,943
186,24	38,668
186,45	40,472
186,67	35,522
186,89	35,881
187,11	40,348
187,33	42,799
187,55	42,470
187,76	48,439
187,98	49,438
188,20	52,571
188,42	54,614
188,64	53,035
188,85	46,157
189,07	51,023
189,29	54,418
189,51	52,990
189,73	49,966
189,94	52,984
190,16	44,808
190,38	41,605
190,60	43,479
190,82	40,287
191,03	39,150
191,25	39,609
191,47	36,595
191,69	32,674
191,91	30,931
192,12	31,508
192,34	27,484
192,56	27,403
192,78	27,897
193,00	24,772
193,21	24,589
193,43	20,087
193,65	23,034
193,87	21,854
194,09	28,187
194,30	29,923
194,52	30,062
194,74	33,473
194,96	38,116
195,17	33,717
195,39	35,608
195,61	36,566
195,83	41,199
196,05	41,228
196,26	40,467
196,48	42,063
196,70	44,998
196,92	47,875
197,13	46,558
197,35	42,213
197,57	45,147
197,79	43,115
198,01	42,437
198,22	41,116
198,44	41,071
198,66	45,176
198,88	38,356
199,09	34,470
199,31	32,540
199,53	32,760
199,75	34,759
199,96	36,735
200,18	35,298
200,40	33,592
200,62	33,718
200,83	35,333
201,05	33,168
201,27	34,895
201,49	34,345
201,70	37,091
201,92	34,809
202,14	34,352
202,36	33,447
202,57	37,908
202,79	39,839
203,01	41,844
203,23	41,341
203,44	44,155
203,66	46,741
203,88	47,704
204,10	47,317
204,31	52,267
204,53	51,064
204,75	49,823
204,97	49,779
205,18	54,037
205,40	48,982
205,62	50,901
205,84	49,813
206,05	49,249
206,27	50,435
206,49	51,985
206,71	50,623
206,92	53,690
207,14	55,317
207,36	51,952
207,57	48,907
207,79	52,613
208,01	38,913
208,23	38,983
208,44	41,047
208,66	38,783
208,88	37,123
209,10	36,847
209,31	34,150
209,53	35,370
209,75	37,693
209,96	38,236
210,18	39,022
210,40	47,053
210,62	47,585
210,83	44,554
211,05	46,591
211,27	46,567
211,48	43,867
211,70	44,143
211,92	41,995
212,14	40,035
212,35	38,600
212,57	39,585
212,79	40,898
213,00	40,011
213,22	40,877
213,44	40,662
213,65	39,178
213,87	40,975
214,09	41,478
214,31	40,885
214,52	41,505
214,74	41,825
214,96	39,729
215,17	39,271
215,39	39,020
215,61	38,659
215,82	38,598
216,04	38,775
216,26	38,557
216,47	39,003
216,69	39,228
216,91	39,047
217,13	38,557
217,34	38,949
217,56	38,667
217,78	38,886
217,99	38,908
218,21	39,096
218,43	38,974
218,64	38,840
218,86	38,717
219,08	38,633
219,29	38,758
219,51	39,079
219,73	39,163
219,94	39,166
220,16	39,136
220,38	39,145
220,59	39,134
220,81	39,268
221,03	39,396
221,24	39,213
221,46	39,188
221,68	39,094
221,89	38,898
222,11	38,811
222,33	38,740
222,54	38,519
222,76	38,372
222,98	37,971
223,19	37,743
223,41	37,721
223,63	37,586
223,84	37,528
224,06	37,411
224,28	37,279
224,49	37,215
224,71	37,285
224,93	37,347
225,14	37,317
225,36	37,472
225,57	37,512
225,79	37,323
226,01	37,294
226,22	37,277
226,44	37,130
226,66	37,331
226,87	37,284
227,09	37,173
227,31	37,084
227,52	37,062
227,74	37,049
227,96	37,066
228,17	36,949
228,39	36,946
228,60	36,865
228,82	36,841
229,04	36,676
229,25	36,620
229,47	36,532
229,69	36,395
229,90	36,299
230,12	36,243
230,33	36,099
230,55	36,122
230,77	36,126
230,98	36,154
231,20	36,198
231,42	36,208
231,63	36,108
231,85	36,073
232,06	36,114
232,28	36,201
232,50	36,116
232,71	36,089
232,93	36,075
233,15	36,039
233,36	35,948
233,58	35,932
233,79	35,868
234,01	35,874
234,23	35,834
234,44	35,813
234,66	35,710
234,87	35,736
235,09	35,801
235,31	35,824
235,52	35,759
235,74	35,779
235,95	35,762
236,17	35,674
236,39	35,655
236,60	35,685
236,82	35,700
237,03	35,663
237,25	35,681
237,47	35,674
237,68	35,657
237,90	35,714
238,11	35,783
238,33	35,788
238,55	35,874
238,76	35,909
238,98	35,942
239,19	35,919
239,41	36,015
239,62	36,056
239,84	36,045
240,06	36,139
240,27	36,121
240,49	36,053
240,70	36,099
240,92	36,115
241,13	36,194
241,35	36,221
241,57	36,266
241,78	36,278
242,00	36,262
242,21	36,326
242,43	36,278
242,64	36,311
242,86	36,332
243,08	36,340
243,29	36,385
243,51	36,336
243,72	36,356
243,94	36,375
244,15	36,343
244,37	36,315
244,59	36,273
244,80	36,265
245,02	36,240
245,23	36,315
245,45	36,319
245,66	36,331
245,88	36,351
246,09	36,359
246,31	36,404
246,53	36,401
246,74	36,381
246,96	36,372
247,17	36,389
247,39	36,414
247,60	36,359
247,82	36,319
248,03	36,285
248,25	36,217
248,46	36,171
248,68	36,093
248,90	36,063
249,11	36,067
249,33	35,986
249,54	35,892
249,76	35,801
249,97	35,729
250,19	35,652
250,40	35,582
250,62	35,577
250,83	35,498
251,05	35,422
251,26	35,401
251,48	35,282
251,69	35,282
251,91	35,257
252,13	35,261
252,34	35,234
252,56	35,239
252,77	35,176
252,99	35,107
253,20	35,073
253,42	35,053
253,63	34,972
253,85	34,936
254,06	34,883
254,28	34,843
254,49	34,764
254,71	34,710
254,92	34,601
255,14	34,542
255,35	34,538
255,57	34,502
255,78	34,444
256,00	34,395
256,21	34,375
256,43	34,300
256,64	34,264
256,86	34,206
257,07	34,125
257,29	34,041
257,50	33,996
257,72	33,866
257,93	33,824
258,15	33,761
258,36	33,740
258,58	33,700
258,79	33,642
259,01	33,538
259,22	33,472
259,44	33,348
259,65	33,355
259,87	33,273
260,08	33,231
260,30	33,194
260,51	33,156
260,73	33,067
260,94	32,958
261,16	32,931
261,37	32,877
261,59	32,835
261,80	32,863
262,02	32,801
262,23	32,757
262,45	32,704
262,66	32,567
262,87	32,495
263,09	32,429
263,30	32,416
263,52	32,385
263,73	32,354
263,95	32,313
264,16	32,245
264,38	32,191
264,59	32,142
264,81	32,124
265,02	32,124
265,24	32,090
265,45	32,060
265,67	32,013
265,88	31,908
266,09	31,882
266,31	31,811
266,52	31,759
266,74	31,704
266,95	31,673
267,17	31,608
267,38	31,570
267,60	31,520
267,81	31,476
268,03	31,441
268,24	31,418
268,45	31,364
268,67	31,327
268,88	31,318
269,10	31,324
269,31	31,283
269,53	31,240
269,74	31,190
269,96	31,159
270,17	31,134
270,38	31,080
270,60	31,035
270,81	31,015
271,03	30,988
271,24	30,950
271,46	30,891
271,67	30,850
271,88	30,814
272,10	30,809
272,31	30,769
272,53	30,731
272,74	30,672
272,96	30,649
273,17	30,558
273,38	30,537
273,60	30,482
273,81	30,425
274,03	30,409
274,24	30,396
274,46	30,337
274,67	30,306
274,88	30,255
275,10	30,261
275,31	30,216
275,53	30,176
275,74	30,114
275,95	30,123
276,17	30,114
276,38	30,046
276,60	30,021
276,81	29,991
277,02	29,968
277,24	29,964
277,45	29,938
277,67	29,942
277,88	29,956
278,09	29,978
278,31	29,941
278,52	29,931
278,74	29,922
278,95	29,880
279,16	29,869
279,38	29,853
279,59	29,823
279,81	29,806
280,02	29,782
280,23	29,766
280,45	29,733
280,66	29,693
280,88	29,656
281,09	29,676
281,30	29,712
281,52	29,686
281,73	29,659
281,94	29,630
282,16	29,630
282,37	29,629
282,59	29,628
282,80	29,599
283,01	29,600
283,23	29,612
283,44	29,610
283,65	29,558
283,87	29,580
284,08	29,597
284,30	29,617
284,51	29,632
284,72	29,632
284,94	29,635
285,15	29,637
285,36	29,686
285,58	29,693
285,79	29,688
286,01	29,699
286,22	29,673
286,43	29,723
286,65	29,755
286,86	29,721
287,07	29,721
287,29	29,767
287,50	29,816
287,71	29,790
287,93	29,836
288,14	29,859
288,35	29,885
288,57	29,936
288,78	29,923
288,99	29,935
289,21	29,985
289,42	30,016
289,63	30,018
289,85	29,998
290,06	30,018
290,28	29,995
290,49	30,003
290,70	30,022
290,92	30,018
291,13	30,016
291,34	30,024
291,56	30,041
291,77	30,060
291,98	30,062
292,20	30,122
292,41	30,113
292,62	30,133
292,84	30,165
293,05	30,199
293,26	30,213
293,47	30,203
293,69	30,215
293,90	30,202
294,11	30,160
294,33	30,162
294,54	30,167
294,75	30,213
294,97	30,240
295,18	30,221
295,39	30,183
295,61	30,178
295,82	30,206
296,03	30,194
296,25	30,214
296,46	30,243
296,67	30,232
296,89	30,185
297,10	30,101
297,31	30,086
297,52	30,097
297,74	30,126
297,95	30,150
298,16	30,151
298,38	30,175
298,59	30,198
298,80	30,180
299,02	30,192
299,23	30,251
299,44	30,337
299,65	30,341
299,87	30,334
300,08	30,348
300,29	30,352
300,51	30,370
300,72	30,386
300,93	30,360
301,14	30,388
301,36	30,388
301,57	30,358
301,78	30,380
302,00	30,387
302,21	30,398
302,42	30,375
302,63	30,371
302,85	30,389
303,06	30,363
303,27	30,378
303,49	30,384
303,70	30,391
303,91	30,391
304,12	30,371
304,34	30,390
304,55	30,419
304,76	30,457
304,97	30,484
305,19	30,485
305,40	30,513
305,61	30,535
305,82	30,561
306,04	30,585
306,25	30,622
306,46	30,656
306,68	30,662
306,89	30,667
307,10	30,633
307,31	30,634
307,53	30,649
307,74	30,672
307,95	30,704
308,16	30,729
308,38	30,770
308,59	30,782
308,80	30,793
309,01	30,830
309,23	30,869
309,44	30,958
309,65	30,985
309,86	31,014
310,07	31,022
310,29	31,034
310,50	31,132
310,71	31,185
310,92	31,282
311,14	31,298
311,35	31,337
311,56	31,368
311,77	31,387
311,99	31,484
312,20	31,511
312,41	31,535
312,62	31,561
312,84	31,514
313,05	31,538
313,26	31,483
313,47	31,570
313,68	31,583
313,90	31,637
314,11	31,675
314,32	31,681
314,53	31,770
314,75	31,843
314,96	31,946
315,17	31,953
315,38	32,005
315,59	32,106
315,81	32,120
316,02	32,204
316,23	32,242
316,44	32,278
316,65	32,343
316,87	32,440
317,08	32,500
317,29	32,519
317,50	32,658
317,71	32,702
317,93	32,752
318,14	32,813
318,35	32,881
318,56	32,960
318,77	33,051
318,99	33,130
319,20	33,132
319,41	33,212
319,62	33,298
319,83	33,349
320,05	33,422
320,26	33,518
320,47	33,595
320,68	33,652
320,89	33,731
321,11	33,833
321,32	33,929
321,53	34,004
321,74	34,100
321,95	34,199
322,16	34,297
322,38	34,396
322,59	34,467
322,80	34,523
323,01	34,618
323,22	34,691
323,43	34,709
323,65	34,739
323,86	34,833
324,07	34,866
324,28	34,895
324,49	34,949
324,70	34,985
324,92	35,071
325,13	35,199
325,34	35,267
325,55	35,339
325,76	35,456
325,97	35,535
326,19	35,614
326,40	35,736
326,61	35,838
326,82	35,976
327,03	36,135
327,24	36,218
327,46	36,291
327,67	36,420
327,88	36,560
328,09	36,676
328,30	36,801
328,51	36,863
328,72	36,977
328,94	37,060
329,15	37,124
329,36	37,163
329,57	37,241
329,78	37,378
329,99	37,453
330,20	37,514
330,42	37,619
330,63	37,708
330,84	37,829
331,05	37,907
331,26	38,050
331,47	38,177
331,68	38,307
331,89	38,406
332,11	38,487
332,32	38,604
332,53	38,701
332,74	38,791
332,95	38,835
333,16	38,959
333,37	39,083
333,58	39,099
333,80	39,154
334,01	39,202
334,22	39,285
334,43	39,339
334,64	39,330
334,85	39,393
335,06	39,454
335,27	39,592
335,48	39,652
335,70	39,635
335,91	39,727
336,12	39,797
336,33	39,916
336,54	40,013
336,75	40,097
336,96	40,249
337,17	40,326
337,38	40,396
337,59	40,461
337,81	40,569
338,02	40,685
338,23	40,751
338,44	40,825
338,65	40,914
338,86	40,973
339,07	41,077
339,28	40,985
339,49	41,072
339,70	41,139
339,91	41,173
340,13	41,202
340,34	41,290
340,55	41,389
340,76	41,455
340,97	41,471
341,18	41,528
341,39	41,541
341,60	41,754
341,81	41,799
342,02	41,865
342,23	41,937
342,44	41,953
342,65	41,987
342,87	42,043
343,08	42,050
343,29	42,089
343,50	42,069
343,71	42,100
343,92	42,060
344,13	42,111
344,34	42,101
344,55	42,115
344,76	42,113
344,97	42,108
345,18	42,123
345,39	42,124
345,60	42,174
345,81	42,213
346,02	42,211
346,23	42,212
346,45	42,206
346,66	42,207
346,87	42,168
347,08	42,218
347,29	42,215
347,50	42,193
347,71	42,247
347,92	42,181
348,13	42,200
348,34	42,229
348,55	42,249
348,76	42,210
348,97	42,184
349,18	42,151
349,39	42,141
349,60	42,140
349,81	42,144
350,02	42,083
350,23	42,123
350,44	42,170
350,65	42,115
350,86	42,107
351,07	42,069
351,28	42,053
351,49	42,067
351,70	42,010
351,91	41,960
352,12	41,852
352,33	41,830
352,55	41,735
352,76	41,553
352,97	41,474
353,18	41,404
353,39	41,367
353,60	41,301
353,81	41,197
354,02	41,106
354,23	41,030
354,44	41,012
354,65	40,997
354,86	40,958
355,07	40,923
355,28	40,875
355,49	40,818
355,70	40,723
355,91	40,679
356,12	40,654
356,33	40,444
356,54	40,374
356,75	40,296
356,96	40,137
357,17	39,990
357,38	39,894
357,59	39,854
357,80	39,732
358,01	39,644
358,22	39,556
358,43	39,518
358,64	39,593
358,85	39,526
359,05	39,403
359,26	39,377
359,47	39,378
359,68	39,352
359,89	39,226
360,10	39,150
360,31	39,071
360,52	39,006
360,73	38,885
360,94	38,832
361,15	38,755
361,36	38,696
361,57	38,639
361,78	38,573
361,99	38,498
362,20	38,424
362,41	38,414
362,62	38,372
362,83	38,309
363,04	38,272
363,25	38,186
363,46	38,111
363,67	38,020
363,88	37,933
364,09	37,888
364,30	37,834
364,51	37,815
364,72	37,760
364,93	37,732
365,13	37,695
365,34	37,628
365,55	37,618
365,76	37,625
365,97	37,631
366,18	37,573
366,39	37,556
366,60	37,557
366,81	37,565
367,02	37,568
367,23	37,566
367,44	37,537
367,65	37,577
367,86	37,556
368,07	37,542
368,28	37,513
368,49	37,530
368,69	37,504
368,90	37,515
369,11	37,481
369,32	37,467
369,53	37,454
369,74	37,494
369,95	37,470
370,16	37,513
370,37	37,487
370,58	37,587
370,79	37,655
371,00	37,670
371,21	37,680
371,41	37,730
371,62	37,784
371,83	37,831
372,04	37,914
372,25	37,891
372,46	37,918
372,67	37,958
372,88	37,985
373,09	38,002
373,30	38,046
373,51	38,067
373,71	38,100
373,92	38,089
374,13	38,092
374,34	38,050
374,55	38,161
374,76	38,188
374,97	38,263
375,18	38,286
375,39	38,317
375,59	38,307
375,80	38,331
376,01	38,330
376,22	38,353
376,43	38,371
376,64	38,393
376,85	38,357
377,06	38,345
377,27	38,328
377,47	38,349
377,68	38,376
377,89	38,422
378,10	38,459
378,31	38,519
378,52	38,612
378,73	38,694
378,94	38,681
379,14	38,735
379,35	38,783
379,56	38,797
379,77	38,799
379,98	38,847
380,19	38,885
380,40	38,891
380,61	38,893
380,81	38,889
381,02	38,867
381,23	38,919
381,44	38,981
381,65	39,033
381,86	39,114
382,07	39,205
382,27	39,214
382,48	39,208
382,69	39,277
382,90	39,383
383,11	39,431
383,32	39,508
383,52	39,571
383,73	39,590
383,94	39,575
384,15	39,652
384,36	39,642
384,57	39,717
384,78	39,782
384,98	39,740
385,19	39,690
385,40	39,699
385,61	39,662
385,82	39,653
386,03	39,550
386,23	39,607
386,44	39,592
386,65	39,663
386,86	39,686
387,07	39,813
387,28	39,849
387,48	39,885
387,69	39,908
387,90	39,968
388,11	40,082
388,32	40,252
388,52	40,270
388,73	40,288
388,94	40,284
389,15	40,256
389,36	40,162
389,57	40,266
389,77	40,316
389,98	40,321
390,19	40,353
390,40	40,342
390,61	40,394
390,81	40,422
391,02	40,412
391,23	40,404
391,44	40,428
391,65	40,460
391,85	40,428
392,06	40,493
392,27	40,552
392,48	40,611
392,69	40,638
392,89	40,644
393,10	40,705
393,31	40,794
393,52	40,871
393,73	40,921
393,93	40,959
394,14	41,007
394,35	40,971
394,56	40,988
394,76	40,956
394,97	41,001
395,18	41,018
395,39	41,051
395,60	41,017
395,80	41,021
396,01	41,039
396,22	41,079
396,43	41,064
396,63	41,088
396,84	41,058
397,05	41,104
397,26	41,094
397,47	41,136
397,67	41,144
397,88	41,229
398,09	41,247
398,30	41,297
398,50	41,308
398,71	41,394
398,92	41,477
399,13	41,547
399,33	41,621
399,54	41,642
399,75	41,637
399,96	41,731
400,16	41,708
400,37	41,810
400,58	41,816
400,79	41,886
400,99	41,938
401,20	41,939
401,41	41,979
401,62	41,956
401,82	41,995
402,03	42,030
402,24	41,974
402,45	42,037
402,65	41,894
402,86	41,781
403,07	41,672
403,28	41,523
403,48	41,324
403,69	41,209
403,90	41,148
404,10	41,121
404,31	41,087
404,52	41,149
404,73	41,180
404,93	41,348
405,14	41,483
405,35	41,611
405,56	41,814
405,76	42,040
405,97	42,178
406,18	42,325
406,38	42,410
406,59	42,489
406,80	42,524
407,01	42,497
407,21	42,442
407,42	42,408
407,63	42,453
407,83	42,459
408,04	42,497
408,25	42,496
408,46	42,483
408,66	42,483
408,87	42,529
409,08	42,523
409,28	42,537
409,49	42,564
409,70	42,703
409,90	42,696
410,11	42,630
410,32	42,624
410,52	42,678
410,73	42,620
410,94	42,635
411,15	42,553
411,35	42,553
411,56	42,514
411,77	42,508
411,97	42,510
412,18	42,528
412,39	42,522
412,59	42,578
412,80	42,699
413,01	42,775
413,21	42,839
413,42	42,961
413,63	42,917
413,83	43,005
414,04	43,074
414,25	43,045
414,45	43,043
414,66	43,117
414,87	43,128
415,07	43,062
415,28	43,113
415,49	43,096
415,69	43,071
415,90	43,062
416,11	43,006
416,31	43,000
416,52	42,985
416,73	42,967
416,93	43,054
417,14	43,001
417,35	42,933
417,55	42,966
417,76	42,975
417,97	42,959
418,17	43,105
418,38	43,166
418,59	43,169
418,79	43,193
419,00	43,183
419,20	43,068
419,41	43,099
419,62	43,127
419,82	43,040
420,03	43,034
420,24	43,104
420,44	43,124
420,65	43,118
420,86	43,102
421,06	43,154
421,27	43,210
421,47	43,227
421,68	43,225
421,89	43,226
422,09	43,298
422,30	43,274
422,51	43,249
422,71	43,183
422,92	43,193
423,12	43,220
423,33	43,143
423,54	43,163
423,74	43,202
423,95	43,206
424,16	43,305
424,36	43,305
424,57	43,316
424,77	43,302
424,98	43,343
425,19	43,350
425,39	43,344
425,60	43,358
425,80	43,284
426,01	43,281
426,22	43,288
426,42	43,227
426,63	43,256
426,83	43,333
427,04	43,375
427,25	43,333
427,45	43,547
427,66	43,589
427,86	43,662
428,07	43,734
428,27	43,779
428,48	43,789
428,69	43,783
428,89	43,770
429,10	43,745
429,30	43,733
429,51	43,762
429,72	43,514
429,92	43,452
430,13	43,395
430,33	43,382
430,54	43,326
430,74	43,378
430,95	43,425
431,16	43,382
431,36	43,366
431,57	43,303
431,77	43,371
431,98	43,504
432,18	43,564
432,39	43,605
432,60	43,599
432,80	43,641
433,01	43,609
433,21	43,605
433,42	43,650
433,62	43,619
433,83	43,508
434,03	43,071
434,24	42,549
434,45	41,907
434,65	41,313
434,86	40,776
435,06	40,408
435,27	40,032
435,47	39,782
435,68	39,583
435,88	39,530
436,09	39,668
436,29	40,008
436,50	40,430
436,71	41,105
436,91	41,790
437,12	42,425
437,32	42,792
437,53	43,189
437,73	43,483
437,94	43,697
438,14	43,827
438,35	43,955
438,55	44,036
438,76	44,123
438,96	44,113
439,17	44,088
439,37	44,057
439,58	44,123
439,78	44,150
439,99	44,050
440,19	44,001
440,40	44,015
440,60	43,957
440,81	43,948
441,02	43,982
441,22	44,104
441,43	44,100
441,63	44,119
441,84	44,117
442,04	44,234
442,25	44,309
442,45	44,378
442,66	44,359
442,86	44,493
443,07	44,476
443,27	44,565
443,48	44,619
443,68	44,685
443,89	44,796
444,09	44,847
444,30	44,837
444,50	44,877
444,70	44,975
444,91	45,070
445,11	45,045
445,32	45,155
445,52	45,166
445,73	44,926
445,93	45,032
446,14	45,055
446,34	44,981
446,55	45,082
446,75	45,207
446,96	45,259
447,16	45,281
447,37	45,199
447,57	45,274
447,78	45,374
447,98	45,644
448,19	45,695
448,39	45,629
448,60	45,685
448,80	45,624
449,00	45,608
449,21	45,637
449,41	45,703
449,62	45,834
449,82	45,850
450,03	45,830
450,23	45,998
450,44	45,887
450,64	46,073
450,85	46,178
451,05	46,192
451,25	46,242
451,46	46,268
451,66	45,948
451,87	46,100
452,07	46,149
452,28	46,162
452,48	46,140
452,69	46,330
452,89	46,377
453,09	46,532
453,30	46,611
453,50	46,654
453,71	46,746
453,91	47,079
454,12	47,020
454,32	47,018
454,52	47,070
454,73	47,039
454,93	46,979
455,14	46,880
455,34	46,728
455,55	46,695
455,75	46,767
455,95	46,686
456,16	46,679
456,36	46,619
456,57	46,554
456,77	46,451
456,98	46,465
457,18	46,413
457,38	46,384
457,59	46,492
457,79	46,568
458,00	46,500
458,20	46,502
458,40	46,551
458,61	46,583
458,81	46,657
459,02	46,766
459,22	46,779
459,42	46,816
459,63	46,852
459,83	46,846
460,04	46,798
460,24	46,765
460,44	46,748
460,65	46,685
460,85	46,648
461,06	46,598
461,26	46,597
461,46	46,579
461,67	46,641
461,87	46,559
462,07	46,489
462,28	46,440
462,48	46,383
462,69	46,424
462,89	46,465
463,09	46,493
463,30	46,459
463,50	46,338
463,70	46,273
463,91	46,138
464,11	46,250
464,32	46,251
464,52	46,250
464,72	46,275
464,93	46,178
465,13	46,181
465,33	46,108
465,54	46,075
465,74	46,075
465,94	46,062
466,15	46,128
466,35	46,003
466,55	46,013
466,76	45,963
466,96	45,970
467,17	46,004
467,37	45,969
467,57	46,033
467,78	46,085
467,98	46,091
468,18	46,102
468,39	46,161
468,59	46,239
468,79	46,197
469,00	46,248
469,20	46,248
469,40	46,218
469,61	46,181
469,81	46,195
470,01	46,207
470,22	46,135
470,42	46,152
470,62	46,043
470,83	46,012
471,03	46,025
471,23	45,979
471,44	45,966
471,64	45,950
471,84	45,980
472,05	45,895
472,25	45,788
472,45	45,857
472,65	45,776
472,86	45,828
473,06	45,905
473,26	45,784
473,47	45,806
473,67	45,802
473,87	45,842
474,08	45,811
474,28	45,811
474,48	45,872
474,69	45,855
474,89	45,883
475,09	45,790
475,29	45,679
475,50	45,755
475,70	45,766
475,90	45,775
476,11	45,677
476,31	45,669
476,51	45,673
476,72	45,641
476,92	45,637
477,12	45,558
477,32	45,630
477,53	45,618
477,73	45,658
477,93	45,562
478,14	45,469
478,34	45,433
478,54	45,386
478,74	45,329
478,95	45,321
479,15	45,329
479,35	45,340
479,55	45,331
479,76	45,332
479,96	45,333
480,16	45,357
480,37	45,368
480,57	45,419
480,77	45,443
480,97	45,451
481,18	45,457
481,38	45,464
481,58	45,495
481,78	45,432
481,99	45,428
482,19	45,343
482,39	45,381
482,59	45,373
482,80	45,368
483,00	45,337
483,20	45,335
483,40	45,441
483,61	45,441
483,81	45,414
484,01	45,424
484,21	45,451
484,42	45,498
484,62	45,433
484,82	45,454
485,02	45,446
485,23	45,453
485,43	45,481
485,63	45,333
485,83	45,296
486,03	45,322
486,24	45,384
486,44	45,333
486,64	45,281
486,84	45,323
487,05	45,284
487,25	45,267
487,45	45,281
487,65	45,252
487,85	45,240
488,06	45,210
488,26	45,257
488,46	45,120
488,66	45,061
488,87	45,055
489,07	45,079
489,27	45,087
489,47	45,107
489,67	45,125
489,88	45,078
490,08	44,991
490,28	44,966
490,48	44,796
490,68	44,779
490,89	44,803
491,09	44,756
491,29	44,669
491,49	44,649
491,69	44,587
491,90	44,445
492,10	44,458
492,30	44,552
492,50	44,507
492,70	44,583
492,90	44,559
493,11	44,554
493,31	44,594
493,51	44,542
493,71	44,520
493,91	44,505
494,12	44,530
494,32	44,509
494,52	44,475
494,72	44,518
494,92	44,481
495,12	44,521
495,33	44,461
495,53	44,458
495,73	44,526
495,93	44,496
496,13	44,496
496,33	44,531
496,54	44,545
496,74	44,485
496,94	44,442
497,14	44,437
497,34	44,412
497,54	44,391
497,75	44,375
497,95	44,251
498,15	44,294
498,35	44,329
498,55	44,293
498,75	44,233
498,95	44,303
499,16	44,336
499,36	44,297
499,56	44,268
499,76	44,354
499,96	44,279
500,16	44,349
500,36	44,285
500,57	44,176
500,77	44,264
500,97	44,275
501,17	44,256
501,37	44,227
501,57	44,246
501,77	44,273
501,97	44,241
502,18	44,284
502,38	44,241
502,58	44,252
502,78	44,399
502,98	44,260
503,18	44,239
503,38	44,282
503,58	44,249
503,79	44,281
503,99	44,226
504,19	44,206
504,39	44,221
504,59	44,233
504,79	44,232
504,99	44,141
505,19	44,108
505,39	44,122
505,59	43,897
505,80	43,886
506,00	43,849
506,20	43,905
506,40	43,874
506,60	43,836
506,80	43,860
507,00	43,794
507,20	43,810
507,40	43,847
507,60	43,848
507,81	43,975
508,01	43,901
508,21	43,892
508,41	43,894
508,61	43,883
508,81	43,861
509,01	43,769
509,21	43,831
509,41	43,821
509,61	43,799
509,81	43,773
510,01	43,770
510,21	43,891
510,42	43,768
510,62	43,748
510,82	43,756
511,02	43,789
511,22	43,861
511,42	43,837
511,62	43,685
511,82	43,641
512,02	43,616
512,22	43,613
512,42	43,613
512,62	43,698
512,82	43,668
513,02	43,619
513,22	43,523
513,42	43,473
513,62	43,499
513,83	43,632
514,03	43,748
514,23	43,744
514,43	43,716
514,63	43,651
514,83	43,676
515,03	43,639
515,23	43,632
515,43	43,624
515,63	43,580
515,83	43,538
516,03	43,457
516,23	43,409
516,43	43,359
516,63	43,418
516,83	43,380
517,03	43,329
517,23	43,399
517,43	43,372
517,63	43,464
517,83	43,493
518,03	43,442
518,23	43,469
518,43	43,471
518,63	43,478
518,83	43,448
519,03	43,478
519,23	43,465
519,43	43,402
519,63	43,426
519,83	43,368
520,03	43,266
520,23	43,353
520,43	43,438
520,63	43,490
520,83	43,496
521,03	43,448
521,23	43,409
521,43	43,436
521,63	43,434
521,83	43,409
522,03	43,336
522,23	43,376
522,43	43,340
522,63	43,270
522,83	43,158
523,03	43,129
523,23	43,057
523,43	43,051
523,63	43,048
523,83	43,012
524,03	43,177
524,23	43,259
524,43	43,270
524,63	43,310
524,83	43,253
525,03	43,290
525,23	43,288
525,43	43,258
525,63	43,238
525,83	43,205
526,03	43,317
526,23	43,182
526,43	43,247
526,63	43,358
526,83	43,332
527,03	43,389
527,23	43,372
527,43	43,428
527,63	43,571
527,83	43,654
528,02	43,690
528,22	43,620
528,42	43,630
528,62	43,535
528,82	43,403
529,02	43,438
529,22	43,402
529,42	43,383
529,62	43,365
529,82	43,300
530,02	43,272
530,22	43,254
530,42	43,242
530,62	43,277
530,82	43,213
531,02	43,276
531,22	43,144
531,41	43,135
531,61	43,131
531,81	43,050
532,01	43,002
532,21	42,983
532,41	42,948
532,61	42,935
532,81	42,835
533,01	42,947
533,21	42,832
533,41	42,850
533,61	42,848
533,80	42,813
534,00	42,817
534,20	42,845
534,40	42,772
534,60	42,748
534,80	42,797
535,00	42,797
535,20	42,686
535,40	42,740
535,60	42,707
535,80	42,697
535,99	42,686
536,19	42,732
536,39	42,705
536,59	42,729
536,79	42,691
536,99	42,610
537,19	42,623
537,39	42,661
537,59	42,651
537,78	42,653
537,98	42,590
538,18	42,585
538,38	42,552
538,58	42,512
538,78	42,490
538,98	42,539
539,18	42,526
539,37	42,480
539,57	42,464
539,77	42,466
539,97	42,412
540,17	42,496
540,37	42,458
540,57	42,426
540,77	42,471
540,96	42,494
541,16	42,369
541,36	42,286
541,56	42,272
541,76	42,252
541,96	42,175
542,16	42,232
542,35	42,142
542,55	42,142
542,75	42,128
542,95	42,104
543,15	42,135
543,35	42,180
543,55	42,242
543,74	42,312
543,94	42,301
544,14	42,082
544,34	41,601
544,54	40,893
544,74	39,925
544,93	38,936
545,13	38,000
545,33	37,150
545,53	36,533
545,73	35,996
545,93	35,399
546,12	34,954
546,32	34,824
546,52	35,014
546,72	35,523
546,92	36,379
547,11	37,310
547,31	38,246
547,51	39,075
547,71	39,752
547,91	40,168
548,11	40,638
548,30	41,059
548,50	41,422
548,70	41,527
548,90	41,609
549,10	41,637
549,29	41,760
549,49	41,825
549,69	41,788
549,89	41,796
550,09	41,824
550,28	41,888
550,48	41,787
550,68	41,770
550,88	41,766
551,08	41,780
551,27	41,738
551,47	41,625
551,67	41,581
551,87	41,603
552,07	41,385
552,26	41,355
552,46	41,334
552,66	41,315
552,86	41,226
553,05	41,209
553,25	41,178
553,45	41,220
553,65	41,260
553,85	41,218
554,04	41,130
554,24	41,286
554,44	41,337
554,64	41,250
554,83	41,259
555,03	41,249
555,23	41,257
555,43	41,229
555,62	41,239
555,82	41,185
556,02	41,203
556,22	41,246
556,41	41,315
556,61	41,241
556,81	41,232
557,01	41,291
557,21	41,289
557,40	41,256
557,60	41,289
557,80	41,243
557,99	41,215
558,19	41,174
558,39	41,153
558,59	41,129
558,78	41,202
558,98	41,276
559,18	41,275
559,38	41,244
559,57	41,270
559,77	41,205
559,97	41,173
560,17	41,179
560,36	41,164
560,56	41,148
560,76	41,068
560,95	40,953
561,15	40,969
561,35	40,855
561,55	40,920
561,74	40,854
561,94	40,811
562,14	40,812
562,34	40,796
562,53	40,742
562,73	40,711
562,93	40,687
563,12	40,765
563,32	40,688
563,52	40,743
563,71	40,625
563,91	40,626
564,11	40,658
564,31	40,665
564,50	40,720
564,70	40,730
564,90	40,706
565,09	40,684
565,29	40,725
565,49	40,675
565,68	40,613
565,88	40,677
566,08	40,663
566,27	40,697
566,47	40,641
566,67	40,541
566,87	40,601
567,06	40,628
567,26	40,609
567,46	40,523
567,65	40,610
567,85	40,699
568,05	40,752
568,24	40,759
568,44	40,699
568,64	40,794
568,83	40,758
569,03	40,753
569,23	40,719
569,42	40,723
569,62	40,697
569,82	40,696
570,01	40,646
570,21	40,514
570,41	40,533
570,60	40,528
570,80	40,419
571,00	40,502
571,19	40,440
571,39	40,461
571,58	40,481
571,78	40,474
571,98	40,412
572,17	40,365
572,37	40,371
572,57	40,373
572,76	40,308
572,96	40,317
573,16	40,259
573,35	40,271
573,55	40,178
573,74	40,176
573,94	40,185
574,14	40,199
574,33	40,179
574,53	40,266
574,73	40,232
574,92	40,279
575,12	40,133
575,32	40,151
575,51	40,031
575,71	39,970
575,90	39,779
576,10	39,565
576,30	39,424
576,49	39,395
576,69	39,234
576,88	39,197
577,08	39,094
577,28	39,130
577,47	39,038
577,67	39,016
577,86	38,942
578,06	38,996
578,26	39,089
578,45	39,359
578,65	39,271
578,84	39,303
579,04	39,227
579,24	39,255
579,43	39,257
579,63	39,332
579,82	39,418
580,02	39,553
580,22	39,584
580,41	39,693
580,61	39,495
580,80	39,624
581,00	39,674
581,19	39,752
581,39	39,744
581,59	39,802
581,78	39,780
581,98	39,750
582,17	39,809
582,37	39,892
582,56	39,906
582,76	39,966
582,96	39,936
583,15	39,971
583,35	40,020
583,54	40,087
583,74	40,150
583,93	40,103
584,13	40,140
584,33	40,136
584,52	40,048
584,72	40,006
584,91	39,926
585,11	39,849
585,30	39,770
585,50	39,784
585,69	39,751
585,89	39,731
586,08	39,729
586,28	39,770
586,48	39,719
586,67	39,796
586,87	39,820
587,06	39,807
587,26	39,930
587,45	39,947
587,65	39,884
587,84	39,921
588,04	39,903
588,23	39,984
588,43	39,957
588,62	39,973
588,82	39,896
589,01	39,878
589,21	40,007
589,40	39,981
589,60	40,049
589,79	40,073
589,99	40,031
590,19	40,004
590,38	39,960
590,58	39,973
590,77	39,992
590,97	40,029
591,16	40,041
591,36	39,962
591,55	40,007
591,75	39,933
591,94	39,927
592,14	39,958
592,33	39,937
592,53	39,929
592,72	39,874
592,92	39,833
593,11	39,852
593,31	39,829
593,50	39,898
593,69	39,918
593,89	39,902
594,08	39,899
594,28	39,929
594,47	40,019
594,67	40,086
594,86	40,139
595,06	40,161
595,25	40,170
595,45	40,210
595,64	40,174
595,84	40,178
596,03	40,246
596,23	40,272
596,42	40,252
596,62	40,238
596,81	40,202
597,01	40,166
597,20	40,176
597,39	40,124
597,59	40,091
597,78	40,045
597,98	39,922
598,17	39,952
598,37	39,930
598,56	39,934
598,76	39,880
598,95	39,899
599,15	39,883
599,34	39,902
599,53	39,931
599,73	39,928
599,92	39,889
600,12	40,016
600,31	39,996
600,51	40,012
600,70	39,990
600,89	40,047
601,09	40,033
601,28	40,135
601,48	40,141
601,67	40,168
601,87	40,177
602,06	40,284
602,25	40,185
602,45	40,179
602,64	40,190
602,84	40,142
603,03	40,069
603,23	40,062
603,42	40,051
603,61	39,982
603,81	39,961
604,00	39,966
604,20	39,944
604,39	40,018
604,58	39,944
604,78	39,902
604,97	39,968
605,17	40,010
605,36	40,060
605,55	40,031
605,75	40,098
605,94	40,144
606,14	40,086
606,33	40,071
606,52	40,103
606,72	40,158
606,91	40,157
607,11	40,206
607,30	40,198
607,49	40,201
607,69	40,179
607,88	40,179
608,07	40,143
608,27	40,200
608,46	40,199
608,66	40,073
608,85	40,042
609,04	40,090
609,24	40,041
609,43	40,050
609,62	40,018
609,82	40,001
610,01	40,023
610,21	39,983
610,40	39,981
610,59	39,955
610,79	40,033
610,98	40,099
611,17	40,106
611,37	40,156
611,56	40,193
611,75	40,175
611,95	40,171
612,14	40,150
612,33	40,185
612,53	40,182
612,72	40,176
612,91	40,112
613,11	40,103
613,30	40,066
613,49	39,921
613,69	39,873
613,88	39,939
614,07	39,875
614,27	39,887
614,46	39,907
614,65	39,963
614,85	39,959
615,04	40,004
615,23	39,941
615,43	39,946
615,62	40,070
615,81	40,103
616,01	40,098
616,20	40,181
616,39	40,187
616,59	40,128
616,78	40,131
616,97	40,129
617,17	40,136
617,36	40,187
617,55	40,189
617,75	40,203
617,94	40,269
618,13	40,249
618,32	40,277
618,52	40,276
618,71	40,341
618,90	40,262
619,10	40,285
619,29	40,218
619,48	40,232
619,67	40,253
619,87	40,284
620,06	40,198
620,25	40,179
620,45	40,089
620,64	40,110
620,83	40,072
621,02	40,106
621,22	40,088
621,41	40,069
621,60	40,073
621,80	40,103
621,99	40,015
622,18	40,045
622,37	40,020
622,57	40,039
622,76	40,006
622,95	40,018
623,14	40,045
623,34	40,080
623,53	40,227
623,72	40,205
623,92	40,163
624,11	40,191
624,30	40,172
624,49	40,213
624,69	40,251
624,88	40,252
625,07	40,222
625,26	40,261
625,46	40,246
625,65	40,212
625,84	40,179
626,03	40,195
626,23	40,228
626,42	40,260
626,61	40,181
626,80	40,174
626,99	40,190
627,19	40,211
627,38	40,130
627,57	40,138
627,76	40,140
627,96	40,146
628,15	40,080
628,34	40,023
628,53	39,984
628,72	40,072
628,92	40,122
629,11	40,172
629,30	40,188
629,49	40,177
629,69	40,180
629,88	40,220
630,07	40,327
630,26	40,366
630,45	40,406
630,65	40,421
630,84	40,390
631,03	40,419
631,22	40,376
631,41	40,372
631,61	40,391
631,80	40,412
631,99	40,361
632,18	40,338
632,37	40,296
632,57	40,551
632,76	40,572
632,95	40,564
633,14	40,456
633,33	40,455
633,53	40,452
633,72	40,514
633,91	40,480
634,10	40,498
634,29	40,427
634,48	40,501
634,68	40,270
634,87	40,267
635,06	40,214
635,25	40,196
635,44	40,136
635,63	40,133
635,83	40,043
636,02	40,121
636,21	40,097
636,40	40,045
636,59	39,992
636,78	39,993
636,98	39,943
637,17	39,956
637,36	39,973
637,55	39,966
637,74	39,964
637,93	40,006
638,13	39,899
638,32	39,929
638,51	39,992
638,70	40,039
638,89	40,007
639,08	40,030
639,27	40,159
639,47	40,212
639,66	40,282
639,85	40,293
640,04	40,281
640,23	40,292
640,42	40,255
640,61	40,252
640,80	40,243
641,00	40,212
641,19	40,196
641,38	40,136
641,57	40,122
641,76	40,074
641,95	40,040
642,14	40,028
642,33	40,071
642,52	40,153
642,72	40,277
642,91	40,299
643,10	40,281
643,29	40,297
643,48	40,265
643,67	40,309
643,86	40,336
644,05	40,427
644,24	40,273
644,44	40,289
644,63	40,159
644,82	40,049
645,01	40,054
645,20	40,055
645,39	40,060
645,58	40,092
645,77	40,050
645,96	40,086
646,15	40,153
646,34	40,347
646,54	40,322
646,73	40,397
646,92	40,404
647,11	40,392
647,30	40,436
647,49	40,462
647,68	40,494
647,87	40,492
648,06	40,521
648,25	40,444
648,44	40,474
648,63	40,557
648,82	40,505
649,01	40,509
649,21	40,525
649,40	40,611
649,59	40,615
649,78	40,640
649,97	40,611
650,16	40,563
650,35	40,526
650,54	40,592
650,73	40,503
650,92	40,557
651,11	40,577
651,30	40,598
651,49	40,619
651,68	40,649
651,87	40,580
652,06	40,651
652,25	40,708
652,44	40,718
652,63	40,646
652,82	40,723
653,01	40,692
653,20	40,681
653,39	40,686
653,58	40,646
653,78	40,607
653,97	40,639
654,16	40,697
654,35	40,688
654,54	40,701
654,73	40,664
654,92	40,655
655,11	40,642
655,30	40,628
655,49	40,598
655,68	40,551
655,87	40,618
656,06	40,613
656,25	40,578
656,44	40,459
656,63	40,511
656,82	40,563
657,01	40,594
657,20	40,626
657,39	40,633
657,58	40,658
657,77	40,745
657,96	40,691
658,15	40,668
658,34	40,753
658,53	40,876
658,72	40,839
658,91	40,858
659,10	40,762
659,29	40,791
659,48	40,873
659,66	40,833
659,85	40,859
660,04	40,966
660,23	41,079
660,42	41,049
660,61	41,039
660,80	41,029
660,99	41,012
661,18	41,116
661,37	41,096
661,56	41,101
661,75	41,197
661,94	41,157
662,13	41,107
662,32	41,094
662,51	41,085
662,70	41,094
662,89	41,194
663,08	41,225
663,27	41,210
663,46	41,291
663,65	41,250
663,84	41,222
664,03	41,276
664,21	41,288
664,40	41,386
664,59	41,369
664,78	41,394
664,97	41,381
665,16	41,497
665,35	41,489
665,54	41,518
665,73	41,564
665,92	41,644
666,11	41,597
666,30	41,606
666,49	41,572
666,68	41,707
666,86	41,792
667,05	41,767
667,24	41,649
667,43	41,667
667,62	41,656
667,81	41,659
668,00	41,601
668,19	41,612
668,38	41,685
668,57	41,686
668,76	41,629
668,94	41,611
669,13	41,654
669,32	41,762
669,51	41,809
669,70	41,749
669,89	41,681
670,08	41,711
670,27	41,793
670,46	41,744
670,65	41,768
670,83	41,737
671,02	41,730
671,21	41,694
671,40	41,604
671,59	41,650
671,78	41,706
671,97	41,888
672,16	41,921
672,34	41,859
672,53	41,857
672,72	41,825
672,91	41,799
673,10	41,844
673,29	41,871
673,48	41,926
673,67	41,921
673,85	41,996
674,04	41,928
674,23	41,898
674,42	41,925
674,61	41,923
674,80	41,923
674,99	41,996
675,17	42,031
675,36	42,029
675,55	42,067
675,74	42,031
675,93	42,055
676,12	42,100
676,30	42,169
676,49	42,155
676,68	42,213
676,87	42,252
677,06	42,269
677,25	42,263
677,43	42,315
677,62	42,316
677,81	42,357
678,00	42,314
678,19	42,357
678,38	42,303
678,56	42,345
678,75	42,343
678,94	42,377
679,13	42,332
679,32	42,328
679,50	42,363
679,69	42,386
679,88	42,375
680,07	42,350
680,26	42,312
680,45	42,367
680,63	42,413
680,82	42,393
681,01	42,333
681,20	42,340
681,39	42,339
681,57	42,329
681,76	42,297
681,95	42,370
682,14	42,396
682,33	42,356
682,51	42,424
682,70	42,354
682,89	42,386
683,08	42,449
683,26	42,505
683,45	42,526
683,64	42,510
683,83	42,503
684,02	42,444
684,20	42,533
684,39	42,639
684,58	42,516
684,77	42,569
684,95	42,600
685,14	42,593
685,33	42,599
685,52	42,639
685,71	42,633
685,89	42,675
686,08	42,618
686,27	42,566
686,46	42,584
686,64	42,609
686,83	42,643
687,02	42,681
687,21	42,723
687,39	42,724
687,58	42,698
687,77	42,734
687,96	42,768
688,14	42,878
688,33	42,964
688,52	42,954
688,70	43,047
688,89	42,983
689,08	42,999
689,27	42,972
689,45	42,997
689,64	43,017
689,83	43,089
690,02	43,062
690,20	43,091
690,39	43,061
690,58	43,087
690,77	43,072
690,95	43,093
691,14	43,132
691,33	43,236
691,51	43,243
691,70	43,276
691,89	43,264
692,08	43,358
692,26	43,345
692,45	43,294
692,64	43,264
692,82	43,329
693,01	43,397
693,20	43,383
693,38	43,355
693,57	43,341
693,76	43,314
693,95	43,358
694,13	43,361
694,32	43,368
694,51	43,401
694,69	43,376
694,88	43,286
695,07	43,244
695,25	43,177
695,44	43,192
695,63	43,264
695,81	43,257
696,00	43,187
696,19	43,215
696,37	43,173
696,56	43,204
696,75	43,238
696,93	43,256
697,12	43,285
697,31	43,303
697,49	43,232
697,68	43,232
697,87	43,296
698,05	43,290
698,24	43,185
698,43	43,304
698,61	43,303
698,80	43,348
698,99	43,501
699,17	43,531
699,36	43,615
699,55	43,674
699,73	43,707
699,92	43,698
700,11	43,781
700,29	43,864
700,48	43,866
700,66	43,940
700,85	43,974
701,04	43,936
701,22	43,948
701,41	43,958
701,60	43,921
701,78	43,875
701,97	43,855
702,16	43,808
702,34	43,795
702,53	43,778
702,71	43,777
702,90	43,719
703,09	43,695
703,27	43,688
703,46	43,685
703,64	43,681
703,83	43,693
704,02	43,740
704,20	43,778
704,39	43,780
704,57	43,768
704,76	43,755
704,95	43,749
705,13	43,714
705,32	43,783
705,50	43,767
705,69	43,848
705,88	43,816
706,06	43,740
706,25	43,762
706,43	43,783
706,62	43,752
706,81	43,744
706,99	43,788
707,18	43,857
707,36	43,801
707,55	43,823
707,73	43,760
707,92	43,865
708,11	43,957
708,29	43,944
708,48	43,967
708,66	44,015
708,85	44,029
709,03	44,094
709,22	44,039
709,41	44,026
709,59	44,001
709,78	43,970
709,96	43,931
710,15	43,885
710,33	43,884
710,52	43,935
710,71	43,950
710,89	43,877
711,08	43,809
711,26	43,875
711,45	43,929
711,63	43,912
711,82	43,915
712,00	43,906
712,19	43,969
712,37	43,934
712,56	43,806
712,74	43,782
712,93	43,800
713,12	43,841
713,30	43,738
713,49	43,683
713,67	43,690
713,86	43,761
714,04	43,870
714,23	43,849
714,41	43,934
714,60	43,964
714,78	44,062
714,97	44,094
715,15	44,123
715,34	44,131
715,52	44,212
715,71	44,267
715,89	44,352
716,08	44,289
716,26	44,254
716,45	44,222
716,63	44,322
716,82	44,303
717,00	44,336
717,19	44,263
717,37	44,331
717,56	44,363
717,74	44,441
717,93	44,397
718,11	44,370
718,30	44,452
718,48	44,542
718,67	44,496
718,85	44,454
719,04	44,498
719,22	44,559
719,41	44,610
719,59	44,623
719,78	44,546
719,96	44,531
720,14	44,498
720,33	44,428
720,51	44,416
720,70	44,395
720,88	44,379
721,07	44,322
721,25	44,342
721,44	44,343
721,62	44,322
721,81	44,332
721,99	44,331
722,18	44,370
722,36	44,390
722,54	44,384
722,73	44,472
722,91	44,483
723,10	44,513
723,28	44,521
723,47	44,474
723,65	44,513
723,84	44,586
724,02	44,564
724,20	44,595
724,39	44,597
724,57	44,565
724,76	44,608
724,94	44,594
725,13	44,638
725,31	44,594
725,49	44,561
725,68	44,513
725,86	44,495
726,05	44,500
726,23	44,587
726,41	44,629
726,60	44,669
726,78	44,659
726,97	44,629
727,15	44,536
727,34	44,483
727,52	44,559
727,70	44,531
727,89	44,561
728,07	44,545
728,26	44,501
728,44	44,460
728,62	44,447
728,81	44,363
728,99	44,464
729,17	44,667
729,36	44,719
729,54	44,764
729,73	44,759
729,91	44,694
730,09	44,834
730,28	44,727
730,46	44,838
730,65	44,763
730,83	44,759
731,01	44,686
731,20	44,492
731,38	44,504
731,56	44,447
731,75	44,473
731,93	44,478
732,12	44,528
732,30	44,609
732,48	44,443
732,67	44,477
732,85	44,491
733,03	44,533
733,22	44,588
733,40	44,576
733,58	44,628
733,77	44,649
733,95	44,647
734,13	44,487
734,32	44,433
734,50	44,523
734,68	44,450
734,87	44,380
735,05	44,372
735,23	44,377
735,42	44,426
735,60	44,395
735,78	44,328
735,97	44,370
736,15	44,445
736,33	44,605
736,52	44,494
736,70	44,603
736,88	44,686
737,07	44,741
737,25	44,755
737,43	44,752
737,62	44,713
737,80	44,725
737,98	44,706
738,17	44,677
738,35	44,525
738,53	44,686
738,72	44,676
738,90	44,684
739,08	44,720
739,26	44,793
739,45	44,723
739,63	44,716
739,81	44,637
740,00	44,538
740,18	44,456
740,36	44,545
740,54	44,494
740,73	44,438
740,91	44,488
741,09	44,485
741,28	44,402
741,46	44,472
741,64	44,481
741,82	44,566
742,01	44,553
742,19	44,554
742,37	44,530
742,56	44,571
742,74	44,650
742,92	44,548
743,10	44,498
743,29	44,417
743,47	44,412
743,65	44,449
743,83	44,449
744,02	44,559
744,20	44,616
744,38	44,638
744,56	44,637
744,75	44,612
744,93	44,670
745,11	44,661
745,29	44,748
745,48	44,795
745,66	44,814
745,84	44,920
746,02	44,894
746,21	44,884
746,39	44,830
746,57	44,901
746,75	44,860
746,94	44,812
747,12	44,798
747,30	44,847
747,48	44,697
747,66	44,604
747,85	44,526
748,03	44,581
748,21	44,616
748,39	44,615
748,58	44,516
748,76	44,519
748,94	44,483
749,12	44,489
749,30	44,392
749,49	44,497
749,67	44,563
749,85	44,594
750,03	44,503
750,21	44,540
750,40	44,524
750,58	44,545
750,76	44,582
750,94	44,597
751,12	44,682
751,31	44,715
751,49	44,759
751,67	44,723
751,85	44,688
752,03	44,638
752,22	44,570
752,40	44,562
752,58	44,519
752,76	44,504
752,94	44,549
753,12	44,434
753,31	44,435
753,49	44,372
753,67	44,318
753,85	44,233
754,03	44,278
754,21	44,375
754,40	44,449
754,58	44,426
754,76	44,475
754,94	44,550
755,12	44,606
755,30	44,585
755,49	44,565
755,67	44,597
755,85	44,577
756,03	44,625
756,21	44,473
756,39	44,416
756,57	44,489
756,76	44,489
756,94	44,492
757,12	44,453
757,30	44,540
757,48	44,623
757,66	44,668
757,84	44,799
758,02	44,734
758,21	44,809
758,39	44,840
758,57	44,820
758,75	44,779
758,93	44,712
759,11	44,772
759,29	44,805
759,47	44,775
759,66	44,787
759,84	44,764
760,02	44,889
760,20	44,941
760,38	44,861
760,56	44,868
760,74	44,873
760,92	44,897
761,10	44,991
761,29	44,943
761,47	44,954
761,65	44,966
761,83	44,953
762,01	44,911
762,19	45,037
762,37	45,135
762,55	45,217
762,73	45,312
762,91	45,371
763,09	45,290
763,28	45,296
763,46	45,348
763,64	45,358
763,82	45,381
764,00	45,366
764,18	45,127
764,36	45,143
764,54	45,096
764,72	44,959
764,90	44,886
765,08	44,897
765,26	44,877
765,44	44,759
765,62	44,807
765,80	44,811
765,99	44,885
766,17	45,006
766,35	44,968
766,53	44,977
766,71	44,995
766,89	45,002
767,07	44,934
767,25	44,987
767,43	45,056
767,61	44,952
767,79	44,940
767,97	44,922
768,15	44,939
768,33	44,948
768,51	44,997
768,69	45,044
768,87	44,997
769,05	45,051
769,23	44,940
769,41	44,931
769,59	44,956
769,77	45,015
769,95	44,933
770,13	44,895
770,31	44,925
770,49	44,854
770,67	44,835
770,85	44,899
771,03	44,893
771,21	44,922
771,39	44,979
771,57	44,960
771,75	44,968
771,93	45,032
772,11	45,081
772,29	45,088
772,47	45,077
772,65	45,187
772,83	45,179
773,01	45,179
773,19	45,251
773,37	45,152
773,55	45,279
773,73	45,186
773,91	45,173
774,09	45,124
774,27	45,068
774,45	45,045
774,63	44,956
774,81	44,923
774,99	44,900
775,17	44,829
775,35	44,826
775,53	44,737
775,71	44,799
775,89	44,810
776,07	44,809
776,25	44,849
776,43	44,824
776,61	44,884
776,79	44,882
776,97	44,982
777,15	44,949
777,33	45,021
777,51	45,046
777,69	45,114
777,87	45,137
778,04	45,120
778,22	45,212
778,40	45,322
778,58	45,248
778,76	45,283
778,94	45,200
779,12	45,202
779,30	45,143
779,48	45,105
779,66	45,174
779,84	45,074
780,02	45,115
780,20	44,962
780,38	44,996
780,56	45,042
780,73	45,089
780,91	45,172
781,09	45,300
781,27	45,383
781,45	45,463
781,63	45,327
781,81	45,417
781,99	45,430
782,17	45,586
782,35	45,449
782,53	45,378
782,70	45,397
782,88	45,350
783,06	45,298
783,24	45,262
783,42	45,300
783,60	45,357
783,78	45,312
783,96	45,296
784,14	45,155
784,31	45,201
784,49	45,313
784,67	45,257
784,85	45,244
785,03	45,287
785,21	45,253
785,39	45,193
785,57	45,366
785,74	45,502
785,92	45,579
786,10	45,701
786,28	45,838
786,46	45,856
786,64	45,866
786,82	45,838
786,99	45,935
787,17	46,000
787,35	46,031
787,53	45,892
787,71	45,990
787,89	45,891
788,07	45,825
788,24	45,737
788,42	45,772
788,60	45,795
788,78	45,864
788,96	45,755
789,14	45,737
789,31	45,730
789,49	45,794
789,67	45,613
789,85	45,647
790,03	45,689
790,21	45,720
790,38	45,688
790,56	45,773
790,74	45,763
790,92	45,852
791,10	45,855
791,28	45,885
791,45	45,822
791,63	45,802
791,81	45,789
791,99	45,754
792,17	45,773
792,34	45,873
792,52	45,799
792,70	45,766
792,88	45,633
793,06	45,617
793,23	45,461
793,41	45,428
793,59	45,502
793,77	45,606
793,95	45,613
794,12	45,680
794,30	45,581
794,48	45,592
794,66	45,565
794,84	45,635
795,01	45,726
795,19	45,958
795,37	45,951
795,55	45,889
795,72	45,820
795,90	45,733
796,08	45,750
796,26	45,740
796,44	45,804
796,61	45,930
796,79	46,027
796,97	46,049
797,15	46,070
797,32	45,953
797,50	45,938
797,68	45,930
797,86	46,058
798,03	45,920
798,21	46,007
798,39	45,953
798,57	45,919
798,74	45,923
798,92	45,779
799,10	45,747
799,28	45,875
799,45	45,948
799,63	46,066
799,81	45,989
799,98	46,032
800,16	45,987
800,34	45,922
800,52	46,059
800,69	45,924
800,87	46,204
801,05	46,154
801,23	46,081
801,40	46,008
801,58	46,011
801,76	46,184
801,93	46,131
802,11	46,081
802,29	46,250
802,47	46,143
802,64	46,254
802,82	46,122
803,00	46,322
803,17	46,484
803,35	46,542
803,53	46,541
803,70	46,483
803,88	46,541
804,06	46,571
804,24	46,560
804,41	46,586
804,59	46,616
804,77	46,601
804,94	46,406
805,12	46,419
805,30	46,453
805,47	46,307
805,65	46,398
805,83	46,376
806,00	46,350
806,18	46,298
806,36	46,245
806,53	46,070
806,71	46,114
806,89	46,111
807,06	46,117
807,24	46,016
807,42	46,249
807,59	46,094
807,77	46,129
807,95	46,115
808,12	46,012
808,30	46,150
808,48	46,332
808,65	46,274
808,83	46,412
809,01	46,407
809,18	46,738
809,36	46,578
809,53	46,584
809,71	46,675
809,89	46,685
810,06	46,794
810,24	46,700
810,42	46,643
810,59	46,816
810,77	46,886
810,95	46,825
811,12	46,665
811,30	46,672
811,47	46,787
811,65	46,733
811,83	46,773
812,00	46,811
812,18	46,948
812,35	46,917
812,53	46,575
812,71	46,490
812,88	46,494
813,06	46,384
813,24	46,519
813,41	46,451
813,59	46,463
813,76	46,393
813,94	46,351
814,11	46,145
814,29	46,106
814,47	46,288
814,64	46,350
814,82	46,419
814,99	46,574
815,17	46,407
815,35	46,449
815,52	46,452
815,70	46,587
815,87	46,661
816,05	46,916
816,22	47,034
816,40	46,979
816,58	46,864
816,75	46,811
816,93	46,716
817,10	47,006
817,28	47,152
817,45	47,113
817,63	47,106
817,81	47,001
817,98	46,822
818,16	46,995
818,33	47,185
818,51	47,116
818,68	47,165
818,86	47,239
819,03	47,091
819,21	47,016
819,38	47,020
819,56	47,220
819,74	47,275
819,91	47,380
820,09	47,231
820,26	47,270
820,44	47,175
820,61	47,182
820,79	47,042
820,96	47,007
821,14	47,014
821,31	47,132
821,49	46,796
821,66	46,946
821,84	46,928
822,01	46,961
822,19	46,776
822,36	46,888
822,54	46,863
822,71	46,929
822,89	46,869
823,06	46,837
823,24	46,933
823,41	47,032
823,59	46,995
823,76	46,691
823,94	46,700
824,11	46,725
824,29	46,811
824,46	46,748
824,64	46,774
824,81	46,941
824,99	46,914
825,16	46,767
825,34	46,808
825,51	46,950
825,69	47,221
825,86	47,327
826,04	47,580
826,21	47,567
826,39	47,691
826,56	47,678
826,74	47,462
826,91	47,481
827,09	47,422
827,26	47,578
827,43	47,378
827,61	47,475
827,78	47,191
827,96	46,998
828,13	46,930
828,31	46,855
828,48	47,059
828,66	47,121
828,83	47,064
829,01	47,077
829,18	47,017
829,35	47,064
829,53	47,051
829,70	47,310
829,88	47,381
830,05	47,599
830,23	47,614
830,40	47,421
830,57	47,479
830,75	47,620
830,92	47,768
831,10	47,590
831,27	47,564
831,45	47,441
831,62	47,331
831,79	47,148
831,97	46,957
832,14	47,042
832,32	47,051
832,49	47,078
832,66	47,145
832,84	46,924
833,01	47,004
833,19	46,831
833,36	46,985
833,53	46,917
833,71	47,024
833,88	46,942
834,06	46,631
834,23	46,416
834,40	46,435
834,58	46,154
834,75	46,131
834,93	46,227
835,10	46,400
835,27	46,166
835,45	46,286
835,62	46,124
835,79	46,368
835,97	46,632
836,14	46,849
836,32	46,759
836,49	46,847
836,66	47,071
836,84	46,913
837,01	46,900
837,18	47,062
837,36	46,780
837,53	47,048
837,71	47,044
837,88	47,159
838,05	47,065
838,23	47,098
838,40	47,149
838,57	46,919
838,75	47,030
838,92	46,990
839,09	46,829
839,27	47,142
839,44	46,911
839,61	46,657
839,79	46,610
839,96	46,872
840,13	47,011
840,31	46,954
840,48	46,998
840,65	46,957
840,83	47,073
841,00	46,944
841,17	46,853
841,35	46,905
841,52	47,205
841,69	47,340
841,86	47,295
842,04	47,237
842,21	47,229
842,38	47,449
842,56	47,611
842,73	47,427
842,90	47,575
843,08	47,500
843,25	47,505
843,42	47,235
843,60	47,040
843,77	46,971
843,94	46,965
844,11	46,993
844,29	46,815
844,46	46,478
844,63	46,718
844,81	46,676
844,98	46,683
845,15	46,761
845,32	46,645
845,50	46,530
845,67	46,550
845,84	46,643
846,01	46,774
846,19	46,910
846,36	47,290
846,53	47,175
846,71	47,241
846,88	47,098
847,05	46,890
847,22	47,084
847,40	47,018
847,57	46,947
847,74	46,732
847,91	46,336
848,09	46,271
848,26	46,022
848,43	45,946
848,60	46,031
848,78	47,856
848,95	47,749
849,12	47,806
849,29	47,887
849,46	47,985
849,64	48,021
849,81	48,458
849,98	48,562
850,15	48,530
850,33	48,694
850,50	48,660
850,67	47,028
850,84	47,249
851,02	47,264
851,19	47,489
851,36	47,377
851,53	47,403
851,70	47,643
851,88	47,562
852,05	47,612
852,22	47,289
852,39	47,276
852,56	47,348
852,74	47,411
852,91	47,492
853,08	47,297
853,25	47,390
853,42	47,213
853,60	46,719
853,77	46,690
853,94	46,871
854,11	47,201
854,28	47,343
854,45	47,123
854,63	47,292
854,80	47,258
854,97	47,344
855,14	47,397
855,31	47,565
855,49	47,634
855,66	47,583
855,83	47,496
856,00	47,484
856,17	47,504
856,34	47,703
856,52	47,631
856,69	47,533
856,86	47,476
857,03	47,409
857,20	47,423
857,37	47,465
857,54	47,571
857,72	47,546
857,89	47,378
858,06	47,358
858,23	47,356
858,40	47,354
858,57	47,205
858,74	47,116
858,92	46,971
859,09	47,158
859,26	47,094
859,43	47,056
859,60	47,345
859,77	47,197
859,94	46,911
860,11	46,708
860,29	46,884
860,46	47,017
860,63	46,850
860,80	47,238
860,97	47,213
861,14	47,399
861,31	47,335
861,48	47,101
861,65	47,362
861,83	47,589
862,00	47,745
862,17	47,288
862,34	47,232
862,51	47,459
862,68	47,106
862,85	46,993
863,02	46,566
863,19	46,647
863,36	46,509
863,54	46,684
863,71	46,419
863,88	46,478
864,05	46,448
864,22	46,653
864,39	46,733
864,56	46,913
864,73	45,098
864,90	45,271
865,07	45,301
865,24	45,571
865,41	45,333
865,58	45,580
865,75	45,567
865,93	45,792
866,10	45,845
866,27	45,814
866,44	45,782
866,61	47,603
866,78	47,879
866,95	48,024
867,12	47,900
867,29	47,887
867,46	47,580
867,63	47,573
867,80	47,419
867,97	47,229
868,14	47,381
868,31	47,104
868,48	46,877
868,65	46,843
868,82	46,845
868,99	46,445
869,16	46,387
869,33	46,550
869,50	46,519
869,67	46,925
869,84	46,940
870,01	46,930
870,18	47,387
870,35	47,578
870,52	47,455
870,69	47,155
870,86	47,159
871,03	47,268
871,20	47,439
871,37	47,253
871,54	46,624
871,71	46,543
871,88	46,608
872,05	46,285
872,22	46,333
872,39	46,218
872,56	46,096
872,73	46,231
872,90	46,244
873,07	45,880
873,24	46,203
873,41	46,678
873,58	46,805
873,75	46,735
873,92	46,952
874,09	47,019
874,26	47,077
874,43	47,345
874,60	47,283
874,77	47,348
874,94	47,536
875,11	47,456
875,28	47,348
875,45	47,566
875,62	47,600
875,79	47,574
875,96	47,641
876,13	47,761
876,30	47,668
876,47	47,845
876,64	47,695
876,81	47,604
876,97	47,581
877,14	47,480
877,31	46,991
877,48	46,404
877,65	46,208
877,82	45,837
877,99	45,706
878,16	45,667
878,33	45,499
878,50	45,885
878,67	46,196
878,84	45,959
879,01	46,056
879,18	46,302
879,34	46,705
879,51	46,909
879,68	47,097
879,85	47,287
880,02	47,342
880,19	47,446
880,36	47,063
880,53	47,136
880,70	47,134
880,87	47,296
881,03	47,192
881,20	47,104
881,37	46,935
881,54	47,050
881,71	46,937
881,88	46,961
882,05	46,942
882,22	46,839
882,39	46,609
882,55	46,680
882,72	46,560
882,89	46,585
883,06	46,743
883,23	46,736
883,40	46,746
883,57	46,221
883,74	46,049
883,90	46,109
884,07	45,825
884,24	46,206
884,41	46,708
884,58	46,672
884,75	46,821
884,92	46,794
885,08	47,338
885,25	47,088
885,42	47,574
885,59	47,771
885,76	47,731
885,93	48,263
886,10	48,050
886,26	47,666
886,43	47,986
886,60	47,842
886,77	47,694
886,94	46,951
887,11	46,976
887,27	47,250
887,44	47,349
887,61	47,366
887,78	47,421
887,95	47,097
888,11	46,981
888,28	46,769
888,45	46,841
888,62	47,088
888,79	47,348
888,96	47,360
889,12	47,064
889,29	46,626
889,46	46,694
889,63	46,367
889,80	46,262
889,96	46,536
890,13	46,605
890,30	47,287
890,47	47,198
890,64	47,214
890,80	47,306
890,97	47,406
891,14	47,748
891,31	47,753
891,47	47,354
891,64	47,354
891,81	47,354
891,98	47,354
892,15	47,354
