177,28	86,275
177,50	86,275
177,72	86,275
177,94	-48,889
178,16	151,502
178,37	3766,197
178,59	-1434,715
178,81	-1180,078
179,03	-872,702
179,25	-1610,294
179,47	-696,882
179,69	751,501
179,90	211,316
180,12	121,269
180,34	94,190
180,56	73,865
180,78	65,698
181,00	58,760
181,22	54,664
181,43	50,932
181,65	47,787
181,87	46,591
182,09	45,551
182,31	45,760
182,53	45,479
182,74	44,192
182,96	44,109
183,18	44,686
183,40	44,411
183,62	43,837
183,84	44,467
184,05	44,668
184,27	44,200
184,49	45,543
184,71	45,386
184,93	45,732
185,15	45,187
185,36	45,113
185,58	44,037
185,80	44,522
186,02	44,234
186,24	44,731
186,45	44,511
186,67	43,679
186,89	42,834
187,11	42,740
187,33	42,260
187,55	43,034
187,76	43,231
187,98	44,220
188,20	44,011
188,42	43,351
188,64	42,221
188,85	41,494
189,07	42,192
189,29	42,608
189,51	42,466
189,73	42,388
189,94	42,706
190,16	42,419
190,38	41,201
190,60	40,067
190,82	39,152
191,03	39,628
191,25	39,002
191,47	38,807
191,69	38,043
191,91	37,679
192,12	37,773
192,34	36,550
192,56	35,723
192,78	36,282
193,00	37,871
193,21	38,625
193,43	38,202
193,65	39,011
193,87	38,591
194,09	39,244
194,30	40,531
194,52	40,866
194,74	41,383
194,96	42,034
195,17	40,503
195,39	40,757
195,61	41,065
195,83	41,625
196,05	41,145
196,26	41,613
196,48	41,118
196,70	40,871
196,92	39,871
197,13	39,733
197,35	40,034
197,57	40,604
197,79	39,070
198,01	38,857
198,22	38,232
198,44	39,964
198,66	39,503
198,88	39,076
199,09	38,590
199,31	39,572
199,53	39,355
199,75	39,115
199,96	39,358
200,18	40,169
200,40	40,029
200,62	35,441
200,83	33,515
201,05	32,255
201,27	32,376
201,49	31,884
201,70	31,397
201,92	31,186
202,14	30,119
202,36	30,358
202,57	29,814
202,79	29,403
203,01	34,217
203,23	33,686
203,44	34,886
203,66	35,049
203,88	35,192
204,10	35,733
204,31	36,115
204,53	36,821
204,75	35,879
204,97	35,946
205,18	36,811
205,40	37,198
205,62	38,134
205,84	37,770
206,05	37,294
206,27	37,527
206,49	36,532
206,71	35,787
206,92	35,761
207,14	35,590
207,36	34,086
207,57	32,768
207,79	32,520
208,01	31,588
208,23	31,654
208,44	32,018
208,66	31,249
208,88	30,774
209,10	30,562
209,31	29,966
209,53	30,327
209,75	31,196
209,96	31,384
210,18	31,029
210,40	30,885
210,62	30,075
210,83	29,417
211,05	29,511
211,27	29,784
211,48	29,125
211,70	28,372
211,92	27,067
212,14	26,531
212,35	25,935
212,57	25,548
212,79	24,837
213,00	24,712
213,22	24,021
213,44	23,176
213,65	22,437
213,87	22,159
214,09	21,787
214,31	21,429
214,52	20,751
214,74	20,222
214,96	19,082
215,17	18,380
215,39	17,407
215,61	16,978
215,82	16,239
216,04	15,403
216,26	14,835
216,47	14,760
216,69	14,303
216,91	13,969
217,13	13,548
217,34	13,445
217,56	13,209
217,78	13,115
217,99	12,829
218,21	12,685
218,43	12,623
218,64	12,501
218,86	12,190
219,08	12,186
219,29	12,230
219,51	12,166
219,73	12,222
219,94	12,180
220,16	12,079
220,38	12,028
220,59	12,099
220,81	12,028
221,03	12,011
221,24	11,969
221,46	11,923
221,68	11,782
221,89	11,701
222,11	11,594
222,33	11,515
222,54	11,392
222,76	11,349
222,98	11,188
223,19	11,159
223,41	11,160
223,63	11,093
223,84	10,992
224,06	10,933
224,28	10,857
224,49	10,856
224,71	10,886
224,93	10,923
225,14	10,890
225,36	10,913
225,57	10,849
225,79	10,718
226,01	10,696
226,22	10,746
226,44	10,652
226,66	10,742
226,87	10,661
227,09	10,598
227,31	10,536
227,52	10,532
227,74	10,520
227,96	10,543
228,17	10,520
228,39	10,483
228,60	10,375
228,82	10,354
229,04	10,299
229,25	10,272
229,47	10,172
229,69	10,147
229,90	10,062
230,12	10,027
230,33	9,940
230,55	9,936
230,77	9,926
230,98	9,959
231,20	9,960
231,42	9,924
231,63	9,872
231,85	9,851
232,06	9,831
232,28	9,830
232,50	9,776
232,71	9,756
232,93	9,709
233,15	9,724
233,36	9,631
233,58	9,614
233,79	9,565
234,01	9,520
234,23	9,492
234,44	9,470
234,66	9,418
234,87	9,377
235,09	9,373
235,31	9,337
235,52	9,232
235,74	9,230
235,95	9,173
236,17	9,126
236,39	9,077
236,60	9,060
236,82	8,995
237,03	8,968
237,25	8,993
237,47	8,961
237,68	8,944
237,90	8,969
238,11	8,963
238,33	8,970
238,55	8,970
238,76	8,953
238,98	8,959
239,19	8,973
239,41	8,988
239,62	8,930
239,84	8,899
240,06	8,887
240,27	8,842
240,49	8,761
240,70	8,737
240,92	8,719
241,13	8,748
241,35	8,714
241,57	8,705
241,78	8,654
242,00	8,647
242,21	8,638
242,43	8,612
242,64	8,569
242,86	8,570
243,08	8,564
243,29	8,546
243,51	8,494
243,72	8,483
243,94	8,457
244,15	8,440
244,37	8,374
244,59	8,338
244,80	8,322
245,02	8,330
245,23	8,340
245,45	8,306
245,66	8,305
245,88	8,292
246,09	8,289
246,31	8,277
246,53	8,271
246,74	8,265
246,96	8,249
247,17	8,227
247,39	8,209
247,60	8,175
247,82	8,155
248,03	8,109
248,25	8,098
248,46	8,065
248,68	8,044
248,90	8,003
249,11	8,012
249,33	8,000
249,54	7,976
249,76	7,960
249,97	7,937
250,19	7,921
250,40	7,906
250,62	7,887
250,83	7,864
251,05	7,838
251,26	7,841
251,48	7,813
251,69	7,800
251,91	7,810
252,13	7,802
252,34	7,804
252,56	7,811
252,77	7,793
252,99	7,796
253,20	7,797
253,42	7,793
253,63	7,791
253,85	7,785
254,06	7,791
254,28	7,775
254,49	7,749
254,71	7,726
254,92	7,699
255,14	7,698
255,35	7,706
255,57	7,690
255,78	7,680
256,00	7,664
256,21	7,663
256,43	7,645
256,64	7,643
256,86	7,638
257,07	7,606
257,29	7,601
257,50	7,608
257,72	7,561
257,93	7,566
258,15	7,548
258,36	7,565
258,58	7,553
258,79	7,560
259,01	7,534
259,22	7,512
259,44	7,439
259,65	7,443
259,87	7,424
260,08	7,441
260,30	7,436
260,51	7,444
260,73	7,416
260,94	7,405
261,16	7,411
261,37	7,423
261,59	7,451
261,80	7,554
262,02	7,544
262,23	7,561
262,45	7,581
262,66	7,584
262,87	7,584
263,09	7,591
263,30	7,627
263,52	7,665
263,73	7,671
263,95	7,702
264,16	7,720
264,38	7,757
264,59	7,797
264,81	7,787
265,02	7,796
265,24	7,833
265,45	7,913
265,67	7,976
265,88	7,969
266,09	8,050
266,31	8,099
266,52	8,162
266,74	8,216
266,95	8,266
267,17	8,360
267,38	8,443
267,60	8,510
267,81	8,553
268,03	8,590
268,24	8,707
268,45	8,760
268,67	8,804
268,88	8,850
269,10	8,918
269,31	8,968
269,53	8,984
269,74	9,021
269,96	9,096
270,17	9,131
270,38	9,154
270,60	9,153
270,81	9,187
271,03	9,226
271,24	9,263
271,46	9,253
271,67	9,263
271,88	9,297
272,10	9,376
272,31	9,345
272,53	9,383
272,74	9,371
272,96	9,382
273,17	9,360
273,38	9,339
273,60	9,321
273,81	9,317
274,03	9,352
274,24	9,336
274,46	9,268
274,67	9,265
274,88	9,178
275,10	9,208
275,31	9,189
275,53	9,172
275,74	9,153
275,95	9,158
276,17	9,146
276,38	9,086
276,60	9,108
276,81	9,106
277,02	9,081
277,24	9,091
277,45	9,054
277,67	9,031
277,88	8,984
278,09	8,973
278,31	8,953
278,52	8,991
278,74	8,975
278,95	8,946
279,16	8,930
279,38	8,927
279,59	8,912
279,81	8,902
280,02	8,870
280,23	8,891
280,45	8,901
280,66	8,870
280,88	8,803
281,09	8,817
281,30	8,795
281,52	8,811
281,73	8,807
281,94	8,842
282,16	8,862
282,37	8,917
282,59	8,908
282,80	8,905
283,01	8,961
283,23	9,014
283,44	9,064
283,65	9,133
283,87	9,173
284,08	9,251
284,30	9,306
284,51	9,392
284,72	9,422
284,94	9,493
285,15	9,564
285,36	9,621
285,58	9,686
285,79	9,740
286,01	9,790
286,22	9,828
286,43	9,890
286,65	9,991
286,86	10,003
287,07	10,108
287,29	10,234
287,50	10,354
287,71	10,437
287,93	10,604
288,14	10,704
288,35	10,820
288,57	10,947
288,78	11,046
288,99	11,113
289,21	11,277
289,42	11,356
289,63	11,452
289,85	11,481
290,06	11,593
290,28	11,616
290,49	11,662
290,70	11,688
290,92	11,762
291,13	11,799
291,34	11,839
291,56	11,869
291,77	11,876
291,98	11,864
292,20	11,932
292,41	11,906
292,62	11,880
292,84	11,928
293,05	11,940
293,26	11,927
293,47	11,913
293,69	11,906
293,90	11,846
294,11	11,819
294,33	11,822
294,54	11,778
294,75	11,760
294,97	11,787
295,18	11,747
295,39	11,740
295,61	11,712
295,82	11,705
296,03	11,693
296,25	11,705
296,46	11,757
296,67	11,768
296,89	11,815
297,10	11,883
297,31	11,928
297,52	11,973
297,74	12,052
297,95	12,162
298,16	12,218
298,38	12,316
298,59	12,407
298,80	12,437
299,02	12,507
299,23	12,543
299,44	12,579
299,65	12,571
299,87	12,580
300,08	12,569
300,29	12,532
300,51	12,562
300,72	12,548
300,93	12,552
301,14	12,544
301,36	12,466
301,57	12,432
301,78	12,397
302,00	12,361
302,21	12,320
302,42	12,266
302,63	12,238
302,85	12,218
303,06	12,173
303,27	12,098
303,49	12,055
303,70	12,028
303,91	11,979
304,12	11,896
304,34	11,866
304,55	11,823
304,76	11,784
304,97	11,716
305,19	11,658
305,40	11,618
305,61	11,560
305,82	11,511
306,04	11,478
306,25	11,466
306,46	11,450
306,68	11,392
306,89	11,357
307,10	11,303
307,31	11,240
307,53	11,189
307,74	11,114
307,95	11,083
308,16	11,040
308,38	11,006
308,59	10,947
308,80	10,922
309,01	10,913
309,23	10,907
309,44	10,926
309,65	10,913
309,86	10,899
310,07	10,885
310,29	10,873
310,50	10,908
310,71	10,929
310,92	10,947
311,14	10,927
311,35	10,913
311,56	10,886
311,77	10,888
311,99	10,962
312,20	10,907
312,41	10,890
312,62	10,844
312,84	10,783
313,05	10,728
313,26	10,609
313,47	10,578
313,68	10,516
313,90	10,477
314,11	10,396
314,32	10,308
314,53	10,352
314,75	10,345
314,96	10,381
315,17	10,363
315,38	10,386
315,59	10,480
315,81	10,476
316,02	10,515
316,23	10,542
316,44	10,555
316,65	10,633
316,87	10,609
317,08	10,622
317,29	10,615
317,50	10,656
317,71	10,634
317,93	10,631
318,14	10,634
318,35	10,600
318,56	10,621
318,77	10,654
318,99	10,593
319,20	10,569
319,41	10,583
319,62	10,614
319,83	10,631
320,05	10,659
320,26	10,694
320,47	10,709
320,68	10,779
320,89	10,815
321,11	10,880
321,32	10,982
321,53	11,034
321,74	11,073
321,95	11,056
322,16	11,058
322,38	11,042
322,59	10,985
322,80	10,942
323,01	10,911
323,22	10,848
323,43	10,740
323,65	10,623
323,86	10,577
324,07	10,479
324,28	10,434
324,49	10,384
324,70	10,340
324,92	10,330
325,13	10,324
325,34	10,300
325,55	10,271
325,76	10,262
325,97	10,234
326,19	10,239
326,40	10,257
326,61	10,289
326,82	10,318
327,03	10,365
327,24	10,374
327,46	10,393
327,67	10,390
327,88	10,436
328,09	10,416
328,30	10,468
328,51	10,466
328,72	10,455
328,94	10,416
329,15	10,404
329,36	10,357
329,57	10,319
329,78	10,329
329,99	10,365
330,20	10,326
330,42	10,394
330,63	10,359
330,84	10,327
331,05	10,320
331,26	10,331
331,47	10,314
331,68	10,334
331,89	10,335
332,11	10,344
332,32	10,306
332,53	10,273
332,74	10,202
332,95	10,159
333,16	10,153
333,37	10,159
333,58	10,106
333,80	10,043
334,01	9,998
334,22	9,959
334,43	9,876
334,64	9,793
334,85	9,725
335,06	9,707
335,27	9,666
335,48	9,615
335,70	9,504
335,91	9,460
336,12	9,414
336,33	9,362
336,54	9,355
336,75	9,345
336,96	9,350
337,17	9,336
337,38	9,311
337,59	9,299
337,81	9,273
338,02	9,300
338,23	9,275
338,44	9,271
338,65	9,300
338,86	9,278
339,07	9,287
339,28	9,315
339,49	9,366
339,70	9,355
339,91	9,387
340,13	9,430
340,34	9,454
340,55	9,488
340,76	9,518
340,97	9,517
341,18	9,530
341,39	9,519
341,60	9,468
341,81	9,431
342,02	9,421
342,23	9,294
342,44	9,218
342,65	9,205
342,87	9,180
343,08	9,136
343,29	9,102
343,50	9,034
343,71	8,962
343,92	8,928
344,13	8,900
344,34	8,893
344,55	8,969
344,76	8,972
344,97	8,954
345,18	8,948
345,39	8,925
345,60	8,930
345,81	8,936
346,02	8,939
346,23	8,938
346,45	8,925
346,66	8,911
346,87	8,875
347,08	8,869
347,29	8,849
347,50	8,818
347,71	8,856
347,92	8,823
348,13	8,826
348,34	8,835
348,55	8,818
348,76	8,811
348,97	8,773
349,18	8,764
349,39	8,763
349,60	8,726
349,81	8,736
350,02	8,664
350,23	8,666
350,44	8,709
350,65	8,685
350,86	8,685
351,07	8,660
351,28	8,645
351,49	8,614
351,70	8,554
351,91	8,553
352,12	8,507
352,33	8,536
352,55	8,490
352,76	8,410
352,97	8,407
353,18	8,388
353,39	8,392
353,60	8,415
353,81	8,445
354,02	8,537
354,23	8,549
354,44	8,544
354,65	8,531
354,86	8,558
355,07	8,556
355,28	8,574
355,49	8,584
355,70	8,554
355,91	8,579
356,12	8,582
356,33	8,493
356,54	8,484
356,75	8,522
356,96	8,517
357,17	8,516
357,38	8,535
357,59	8,554
357,80	8,568
358,01	8,623
358,22	8,621
358,43	8,686
358,64	8,756
358,85	8,780
359,05	8,809
359,26	8,875
359,47	8,927
359,68	8,955
359,89	8,933
360,10	8,958
360,31	9,011
360,52	9,049
360,73	9,041
360,94	9,076
361,15	9,111
361,36	9,135
361,57	9,164
361,78	9,165
361,99	9,221
362,20	9,291
362,41	9,350
362,62	9,349
362,83	9,350
363,04	9,341
363,25	9,300
363,46	9,238
363,67	9,167
363,88	9,092
364,09	9,053
364,30	9,014
364,51	8,990
364,72	8,955
364,93	8,959
365,13	8,974
365,34	9,049
365,55	9,142
365,76	9,311
365,97	9,452
366,18	9,588
366,39	9,692
366,60	9,816
366,81	9,920
367,02	9,988
367,23	10,073
367,44	10,124
367,65	10,150
367,86	10,191
368,07	10,185
368,28	10,190
368,49	10,193
368,69	10,242
368,90	10,253
369,11	10,252
369,32	10,296
369,53	10,295
369,74	10,362
369,95	10,366
370,16	10,407
370,37	10,421
370,58	10,490
370,79	10,542
371,00	10,536
371,21	10,555
371,41	10,555
371,62	10,561
371,83	10,581
372,04	10,618
372,25	10,613
372,46	10,596
372,67	10,607
372,88	10,605
373,09	10,630
373,30	10,674
373,51	10,692
373,71	10,769
373,92	10,809
374,13	10,872
374,34	10,853
374,55	10,918
374,76	10,958
374,97	10,985
375,18	11,010
375,39	11,002
375,59	11,009
375,80	11,000
376,01	10,997
376,22	11,018
376,43	11,027
376,64	11,055
376,85	11,080
377,06	11,099
377,27	11,153
377,47	11,261
377,68	11,348
377,89	11,425
378,10	11,517
378,31	11,593
378,52	11,677
378,73	11,736
378,94	11,763
379,14	11,811
379,35	11,858
379,56	11,864
379,77	11,806
379,98	11,814
380,19	11,789
380,40	11,820
380,61	11,845
380,81	11,846
381,02	11,880
381,23	11,929
381,44	12,018
381,65	12,108
381,86	12,178
382,07	12,228
382,27	12,246
382,48	12,300
382,69	12,296
382,90	12,342
383,11	12,375
383,32	12,392
383,52	12,436
383,73	12,407
383,94	12,364
384,15	12,432
384,36	12,446
384,57	12,469
384,78	12,511
384,98	12,515
385,19	12,500
385,40	12,514
385,61	12,518
385,82	12,540
386,03	12,587
386,23	12,654
386,44	12,681
386,65	12,811
386,86	12,948
387,07	13,138
387,28	13,282
387,48	13,417
387,69	13,562
387,90	13,701
388,11	13,791
388,32	13,905
388,52	13,996
388,73	14,090
388,94	14,109
389,15	14,098
389,36	14,051
389,57	14,111
389,77	14,156
389,98	14,165
390,19	14,214
390,40	14,326
390,61	14,433
390,81	14,544
391,02	14,610
391,23	14,753
391,44	14,936
391,65	15,094
391,85	15,227
392,06	15,379
392,27	15,499
392,48	15,604
392,69	15,635
392,89	15,630
393,10	15,644
393,31	15,651
393,52	15,649
393,73	15,616
393,93	15,515
394,14	15,458
394,35	15,372
394,56	15,326
394,76	15,267
394,97	15,307
395,18	15,267
395,39	15,248
395,60	15,253
395,80	15,240
396,01	15,253
396,22	15,351
396,43	15,386
396,63	15,467
396,84	15,563
397,05	15,750
397,26	15,869
397,47	16,069
397,67	16,219
397,88	16,370
398,09	16,437
398,30	16,522
398,50	16,524
398,71	16,508
398,92	16,500
399,13	16,416
399,33	16,253
399,54	16,126
399,75	15,976
399,96	15,850
400,16	15,652
400,37	15,591
400,58	15,472
400,79	15,442
400,99	15,424
401,20	15,342
401,41	15,357
401,62	15,291
401,82	15,205
402,03	15,207
402,24	15,217
402,45	15,307
402,65	15,183
402,86	15,035
403,07	14,818
403,28	14,555
403,48	14,265
403,69	14,019
403,90	13,952
404,10	13,992
404,31	14,003
404,52	14,005
404,73	13,977
404,93	14,121
405,14	14,268
405,35	14,444
405,56	14,770
405,76	15,049
405,97	15,178
406,18	15,206
406,38	15,108
406,59	14,979
406,80	14,892
407,01	14,804
407,21	14,671
407,42	14,589
407,63	14,582
407,83	14,482
408,04	14,468
408,25	14,491
408,46	14,530
408,66	14,552
408,87	14,580
409,08	14,564
409,28	14,537
409,49	14,533
409,70	14,546
409,90	14,472
410,11	14,385
410,32	14,303
410,52	14,286
410,73	14,221
410,94	14,168
411,15	14,132
411,35	14,143
411,56	14,158
411,77	14,193
411,97	14,227
412,18	14,275
412,39	14,321
412,59	14,398
412,80	14,476
413,01	14,493
413,21	14,590
413,42	14,656
413,63	14,678
413,83	14,735
414,04	14,773
414,25	14,746
414,45	14,747
414,66	14,795
414,87	14,801
415,07	14,767
415,28	14,815
415,49	14,801
415,69	14,793
415,90	14,766
416,11	14,729
416,31	14,692
416,52	14,695
416,73	14,680
416,93	14,664
417,14	14,643
417,35	14,620
417,55	14,621
417,76	14,633
417,97	14,608
418,17	14,634
418,38	14,620
418,59	14,625
418,79	14,641
419,00	14,621
419,20	14,573
419,41	14,561
419,62	14,561
419,82	14,561
420,03	14,526
420,24	14,555
420,44	14,579
420,65	14,594
420,86	14,600
421,06	14,596
421,27	14,619
421,47	14,642
421,68	14,634
421,89	14,626
422,09	14,614
422,30	14,614
422,51	14,580
422,71	14,524
422,92	14,502
423,12	14,469
423,33	14,436
423,54	14,409
423,74	14,401
423,95	14,400
424,16	14,391
424,36	14,390
424,57	14,364
424,77	14,349
424,98	14,354
425,19	14,350
425,39	14,379
425,60	14,378
425,80	14,378
426,01	14,359
426,22	14,362
426,42	14,358
426,63	14,313
426,83	14,326
427,04	14,335
427,25	14,306
427,45	14,319
427,66	14,286
427,86	14,295
428,07	14,288
428,27	14,300
428,48	14,299
428,69	14,280
428,89	14,321
429,10	14,334
429,30	14,331
429,51	14,338
429,72	14,316
429,92	14,300
430,13	14,288
430,33	14,280
430,54	14,253
430,74	14,239
430,95	14,227
431,16	14,185
431,36	14,128
431,57	14,070
431,77	14,077
431,98	14,072
432,18	14,047
432,39	14,036
432,60	14,019
432,80	14,028
433,01	13,987
433,21	13,983
433,42	13,954
433,62	13,867
433,83	13,540
434,03	12,733
434,24	11,452
434,45	9,787
434,65	7,821
434,86	5,855
435,06	4,181
435,27	2,957
435,47	2,099
435,68	1,561
435,88	1,335
436,09	1,589
436,29	2,543
436,50	4,126
436,71	6,189
436,91	8,310
437,12	10,207
437,32	11,606
437,53	12,547
437,73	13,149
437,94	13,529
438,14	13,741
438,35	13,883
438,55	13,931
438,76	13,970
438,96	13,952
439,17	13,932
439,37	13,915
439,58	13,909
439,78	13,910
439,99	13,916
440,19	13,885
440,40	13,892
440,60	13,905
440,81	13,944
441,02	13,967
441,22	13,978
441,43	14,022
441,63	14,021
441,84	14,033
442,04	14,054
442,25	14,048
442,45	14,054
442,66	14,054
442,86	14,055
443,07	14,024
443,27	14,026
443,48	14,038
443,68	14,044
443,89	14,056
444,09	14,064
444,30	14,034
444,50	14,010
444,70	13,975
444,91	13,955
445,11	13,892
445,32	13,864
445,52	13,844
445,73	13,815
445,93	13,615
446,14	13,611
446,34	13,528
446,55	13,498
446,75	13,497
446,96	13,501
447,16	13,485
447,37	13,466
447,57	13,483
447,78	13,452
447,98	13,422
448,19	13,596
448,39	13,531
448,60	13,571
448,80	13,551
449,00	13,526
449,21	13,499
449,41	13,486
449,62	13,501
449,82	13,502
450,03	13,498
450,23	13,521
450,44	13,450
450,64	13,440
450,85	13,433
451,05	13,450
451,25	13,435
451,46	13,467
451,66	13,466
451,87	13,451
452,07	13,389
452,28	13,355
452,48	13,333
452,69	13,352
452,89	13,352
453,09	13,299
453,30	13,273
453,50	13,267
453,71	13,278
453,91	13,275
454,12	13,285
454,32	13,321
454,52	13,324
454,73	13,300
454,93	13,298
455,14	13,335
455,34	13,355
455,55	13,345
455,75	13,345
455,95	13,309
456,16	13,318
456,36	13,303
456,57	13,276
456,77	13,301
456,98	13,346
457,18	13,354
457,38	13,319
457,59	13,346
457,79	13,375
458,00	13,394
458,20	13,420
458,40	13,423
458,61	13,442
458,81	13,471
459,02	13,479
459,22	13,469
459,42	13,516
459,63	13,554
459,83	13,552
460,04	13,583
460,24	13,565
460,44	13,571
460,65	13,590
460,85	13,580
461,06	13,603
461,26	13,620
461,46	13,630
461,67	13,675
461,87	13,669
462,07	13,664
462,28	13,630
462,48	13,656
462,69	13,697
462,89	13,724
463,09	13,774
463,30	13,756
463,50	13,771
463,70	13,794
463,91	13,778
464,11	13,822
464,32	13,856
464,52	13,915
464,72	13,953
464,93	13,944
465,13	13,980
465,33	13,972
465,54	14,029
465,74	14,066
465,94	14,105
466,15	14,134
466,35	14,139
466,55	14,194
466,76	14,217
466,96	14,245
467,17	14,296
467,37	14,283
467,57	14,342
467,78	14,344
467,98	14,355
468,18	14,364
468,39	14,392
468,59	14,435
468,79	14,428
469,00	14,437
469,20	14,440
469,40	14,451
469,61	14,468
469,81	14,496
470,01	14,534
470,22	14,540
470,42	14,576
470,62	14,583
470,83	14,580
471,03	14,599
471,23	14,619
471,44	14,641
471,64	14,628
471,84	14,669
472,05	14,679
472,25	14,682
472,45	14,719
472,65	14,728
472,86	14,758
473,06	14,820
473,26	14,802
473,47	14,823
473,67	14,864
473,87	14,936
474,08	14,950
474,28	14,951
474,48	14,965
474,69	14,966
474,89	15,001
475,09	14,997
475,29	14,973
475,50	15,014
475,70	15,027
475,90	15,042
476,11	15,035
476,31	15,070
476,51	15,079
476,72	15,108
476,92	15,139
477,12	15,103
477,32	15,120
477,53	15,143
477,73	15,199
477,93	15,232
478,14	15,233
478,34	15,235
478,54	15,236
478,74	15,266
478,95	15,275
479,15	15,286
479,35	15,347
479,55	15,379
479,76	15,398
479,96	15,419
480,16	15,438
480,37	15,489
480,57	15,537
480,77	15,586
480,97	15,626
481,18	15,722
481,38	15,823
481,58	15,849
481,78	15,889
481,99	15,922
482,19	15,937
482,39	16,009
482,59	16,034
482,80	16,049
483,00	16,088
483,20	16,079
483,40	16,190
483,61	16,142
483,81	16,138
484,01	16,160
484,21	16,150
484,42	16,154
484,62	16,092
484,82	16,085
485,02	16,062
485,23	15,982
485,43	15,995
485,63	15,789
485,83	15,727
486,03	15,714
486,24	15,691
486,44	15,662
486,64	15,597
486,84	15,585
487,05	15,519
487,25	15,489
487,45	15,496
487,65	15,455
487,85	15,452
488,06	15,451
488,26	15,429
488,46	15,362
488,66	15,357
488,87	15,362
489,07	15,374
489,27	15,362
489,47	15,344
489,67	15,324
489,88	15,279
490,08	15,234
490,28	15,214
490,48	15,165
490,68	15,156
490,89	15,142
491,09	15,103
491,29	15,051
491,49	15,078
491,69	15,084
491,90	15,050
492,10	15,087
492,30	15,143
492,50	15,175
492,70	15,226
492,90	15,245
493,11	15,251
493,31	15,292
493,51	15,295
493,71	15,293
493,91	15,327
494,12	15,372
494,32	15,389
494,52	15,395
494,72	15,414
494,92	15,437
495,12	15,475
495,33	15,507
495,53	15,536
495,73	15,601
495,93	15,633
496,13	15,637
496,33	15,698
496,54	15,733
496,74	15,770
496,94	15,806
497,14	15,846
497,34	15,867
497,54	15,907
497,75	15,974
497,95	16,006
498,15	16,069
498,35	16,149
498,55	16,150
498,75	16,202
498,95	16,278
499,16	16,338
499,36	16,378
499,56	16,422
499,76	16,506
499,96	16,535
500,16	16,597
500,36	16,625
500,57	16,643
500,77	16,776
500,97	16,817
501,17	16,871
501,37	16,927
501,57	16,986
501,77	17,046
501,97	17,085
502,18	17,170
502,38	17,197
502,58	17,252
502,78	17,359
502,98	17,349
503,18	17,433
503,38	17,488
503,58	17,554
503,79	17,635
503,99	17,728
504,19	17,787
504,39	17,855
504,59	17,939
504,79	18,025
504,99	18,096
505,19	18,175
505,39	18,244
505,59	18,310
505,80	18,354
506,00	18,406
506,20	18,485
506,40	18,564
506,60	18,637
506,80	18,726
507,00	18,785
507,20	18,837
507,40	18,935
507,60	19,011
507,81	19,104
508,01	19,215
508,21	19,313
508,41	19,393
508,61	19,491
508,81	19,567
509,01	19,632
509,21	19,755
509,41	19,833
509,61	19,894
509,81	19,923
510,01	19,975
510,21	20,049
510,42	20,108
510,62	20,160
510,82	20,239
511,02	20,329
511,22	20,397
511,42	20,446
511,62	20,624
511,82	20,704
512,02	20,837
512,22	20,942
512,42	21,028
512,62	21,134
512,82	21,261
513,02	21,346
513,22	21,415
513,42	21,541
513,62	21,677
513,83	21,692
514,03	21,824
514,23	21,928
514,43	22,014
514,63	22,109
514,83	22,183
515,03	22,284
515,23	22,363
515,43	22,458
515,63	22,541
515,83	22,616
516,03	22,693
516,23	22,787
516,43	22,890
516,63	23,001
516,83	23,095
517,03	23,206
517,23	23,303
517,43	23,407
517,63	23,507
517,83	23,608
518,03	23,709
518,23	23,838
518,43	23,923
518,63	24,013
518,83	24,083
519,03	24,189
519,23	24,294
519,43	24,377
519,63	24,486
519,83	24,640
520,03	24,724
520,23	24,819
520,43	24,956
520,63	25,061
520,83	25,179
521,03	25,315
521,23	25,395
521,43	25,499
521,63	25,584
521,83	25,701
522,03	25,766
522,23	25,880
522,43	25,993
522,63	26,059
522,83	26,138
523,03	26,243
523,23	26,354
523,43	26,471
523,63	26,566
523,83	26,660
524,03	26,791
524,23	26,881
524,43	27,004
524,63	27,086
524,83	27,159
525,03	27,286
525,23	27,358
525,43	27,442
525,63	27,536
525,83	27,649
526,03	27,756
526,23	27,815
526,43	27,873
526,63	27,947
526,83	28,040
527,03	28,157
527,23	28,248
527,43	28,345
527,63	28,415
527,83	28,570
528,02	28,660
528,22	28,741
528,42	28,841
528,62	28,927
528,82	29,011
529,02	29,126
529,22	29,185
529,42	29,257
529,62	29,340
529,82	29,444
530,02	29,453
530,22	29,516
530,42	29,616
530,62	29,652
530,82	29,748
531,02	29,847
531,22	29,892
531,41	29,972
531,61	30,041
531,81	30,096
532,01	30,173
532,21	30,253
532,41	30,325
532,61	30,379
532,81	30,488
533,01	30,574
533,21	30,600
533,41	30,721
533,61	30,796
533,80	30,868
534,00	30,927
534,20	30,986
534,40	31,068
534,60	31,107
534,80	31,226
535,00	31,264
535,20	31,343
535,40	31,463
535,60	31,512
535,80	31,617
535,99	31,696
536,19	31,807
536,39	31,918
536,59	32,039
536,79	32,187
536,99	32,298
537,19	32,489
537,39	32,630
537,59	32,775
537,78	32,939
537,98	33,097
538,18	33,268
538,38	33,469
538,58	33,672
538,78	33,889
538,98	34,143
539,18	34,388
539,37	34,667
539,57	35,058
539,77	35,486
539,97	35,969
540,17	36,541
540,37	37,129
540,57	37,840
540,77	38,565
540,96	39,268
541,16	39,928
541,36	40,564
541,56	41,097
541,76	41,468
541,96	41,776
542,16	41,948
542,35	41,996
542,55	41,981
542,75	41,834
542,95	41,636
543,15	41,467
543,35	41,280
543,55	41,117
543,74	40,998
543,94	40,910
544,14	40,798
544,34	40,647
544,54	40,380
544,74	40,023
544,93	39,536
545,13	38,986
545,33	38,341
545,53	37,812
545,73	37,313
545,93	36,834
546,12	36,451
546,32	36,167
546,52	36,122
546,72	36,477
546,92	37,086
547,11	37,805
547,31	38,441
547,51	39,006
547,71	39,427
547,91	39,645
548,11	39,753
548,30	39,828
548,50	39,815
548,70	39,756
548,90	39,632
549,10	39,489
549,29	39,349
549,49	39,226
549,69	39,013
549,89	38,790
550,09	38,601
550,28	38,472
550,48	38,310
550,68	38,149
550,88	37,998
551,08	37,846
551,27	37,710
551,47	37,547
551,67	37,447
551,87	37,360
552,07	37,261
552,26	37,208
552,46	37,092
552,66	36,996
552,86	36,945
553,05	36,889
553,25	36,828
553,45	36,797
553,65	36,766
553,85	36,652
554,04	36,608
554,24	36,566
554,44	36,509
554,64	36,471
554,83	36,427
555,03	36,385
555,23	36,376
555,43	36,378
555,62	36,330
555,82	36,294
556,02	36,315
556,22	36,342
556,41	36,348
556,61	36,298
556,81	36,315
557,01	36,324
557,21	36,313
557,40	36,281
557,60	36,312
557,80	36,318
557,99	36,350
558,19	36,360
558,39	36,347
558,59	36,345
558,78	36,384
558,98	36,393
559,18	36,398
559,38	36,424
559,57	36,451
559,77	36,407
559,97	36,426
560,17	36,433
560,36	36,419
560,56	36,441
560,76	36,482
560,95	36,512
561,15	36,545
561,35	36,530
561,55	36,582
561,74	36,619
561,94	36,651
562,14	36,660
562,34	36,658
562,53	36,702
562,73	36,712
562,93	36,671
563,12	36,656
563,32	36,676
563,52	36,697
563,71	36,676
563,91	36,644
564,11	36,657
564,31	36,660
564,50	36,689
564,70	36,720
564,90	36,736
565,09	36,769
565,29	36,824
565,49	36,807
565,68	36,846
565,88	36,876
566,08	36,903
566,27	36,965
566,47	36,961
566,67	36,936
566,87	36,914
567,06	36,924
567,26	36,914
567,46	36,886
567,65	36,901
567,85	36,897
568,05	36,913
568,24	36,917
568,44	36,884
568,64	36,964
568,83	36,964
569,03	36,974
569,23	36,987
569,42	37,023
569,62	37,030
569,82	37,088
570,01	37,112
570,21	37,106
570,41	37,133
570,60	37,147
570,80	37,133
571,00	37,196
571,19	37,180
571,39	37,182
571,58	37,185
571,78	37,219
571,98	37,157
572,17	37,158
572,37	37,155
572,57	37,167
572,76	37,173
572,96	37,124
573,16	37,118
573,35	37,152
573,55	37,139
573,74	37,171
573,94	37,151
574,14	37,190
574,33	37,205
574,53	37,233
574,73	37,224
574,92	37,234
575,12	37,289
575,32	37,300
575,51	37,325
575,71	37,375
575,90	37,381
576,10	37,425
576,30	37,441
576,49	37,467
576,69	37,467
576,88	37,523
577,08	37,559
577,28	37,582
577,47	37,546
577,67	37,596
577,86	37,621
578,06	37,638
578,26	37,701
578,45	37,849
578,65	37,906
578,84	37,993
579,04	38,028
579,24	38,098
579,43	38,181
579,63	38,312
579,82	38,363
580,02	38,426
580,22	38,514
580,41	38,545
580,61	38,487
580,80	38,536
581,00	38,645
581,19	38,695
581,39	38,718
581,59	38,750
581,78	38,821
581,98	38,851
582,17	38,919
582,37	38,984
582,56	39,096
582,76	39,197
582,96	39,294
583,15	39,306
583,35	39,384
583,54	39,432
583,74	39,503
583,93	39,540
584,13	39,607
584,33	39,590
584,52	39,574
584,72	39,512
584,91	39,474
585,11	39,410
585,30	39,358
585,50	39,353
585,69	39,366
585,89	39,400
586,08	39,437
586,28	39,482
586,48	39,538
586,67	39,636
586,87	39,735
587,06	39,788
587,26	39,857
587,45	39,926
587,65	39,946
587,84	39,925
588,04	39,829
588,23	39,752
588,43	39,652
588,62	39,550
588,82	39,431
589,01	39,315
589,21	39,241
589,40	39,153
589,60	39,052
589,79	38,974
589,99	38,950
590,19	38,953
590,38	38,926
590,58	38,936
590,77	38,967
590,97	38,959
591,16	39,016
591,36	39,041
591,55	39,054
591,75	39,144
591,94	39,237
592,14	39,291
592,33	39,365
592,53	39,472
592,72	39,505
592,92	39,536
593,11	39,596
593,31	39,621
593,50	39,644
593,69	39,664
593,89	39,619
594,08	39,500
594,28	39,448
594,47	39,351
594,67	39,253
594,86	39,201
595,06	39,122
595,25	39,041
595,45	38,934
595,64	38,884
595,84	38,867
596,03	38,833
596,23	38,863
596,42	38,847
596,62	38,884
596,81	38,902
597,01	38,893
597,20	38,931
597,39	38,949
597,59	38,998
597,78	38,998
597,98	38,970
598,17	39,011
598,37	39,049
598,56	39,110
598,76	39,143
598,95	39,162
599,15	39,219
599,34	39,276
599,53	39,277
599,73	39,298
599,92	39,304
600,12	39,362
600,31	39,351
600,51	39,342
600,70	39,253
600,89	39,230
601,09	39,198
601,28	39,168
601,48	39,137
601,67	39,134
601,87	39,077
602,06	39,080
602,25	39,038
602,45	39,035
602,64	39,005
602,84	39,044
603,03	39,008
603,23	38,994
603,42	38,993
603,61	38,972
603,81	38,971
604,00	38,977
604,20	38,992
604,39	39,012
604,58	39,018
604,78	39,018
604,97	39,045
605,17	39,082
605,36	39,101
605,55	39,125
605,75	39,150
605,94	39,208
606,14	39,237
606,33	39,255
606,52	39,287
606,72	39,309
606,91	39,378
607,11	39,411
607,30	39,444
607,49	39,518
607,69	39,557
607,88	39,656
608,07	39,702
608,27	39,816
608,46	39,914
608,66	40,030
608,85	40,215
609,04	40,400
609,24	40,656
609,43	41,027
609,62	41,523
609,82	42,181
610,01	42,983
610,21	44,002
610,40	45,130
610,59	46,341
610,79	47,597
610,98	48,696
611,17	49,684
611,37	50,475
611,56	51,024
611,75	51,318
611,95	51,319
612,14	51,026
612,33	50,453
612,53	49,674
612,72	48,767
612,91	47,784
613,11	46,912
613,30	46,122
613,49	45,406
613,69	44,847
613,88	44,354
614,07	43,949
614,27	43,632
614,46	43,359
614,65	43,135
614,85	42,936
615,04	42,770
615,23	42,586
615,43	42,412
615,62	42,274
615,81	42,064
616,01	41,870
616,20	41,684
616,39	41,493
616,59	41,281
616,78	41,086
616,97	40,943
617,17	40,763
617,36	40,626
617,55	40,524
617,75	40,448
617,94	40,393
618,13	40,345
618,32	40,289
618,52	40,249
618,71	40,261
618,90	40,226
619,10	40,199
619,29	40,228
619,48	40,260
619,67	40,258
619,87	40,265
620,06	40,303
620,25	40,295
620,45	40,338
620,64	40,331
620,83	40,329
621,02	40,394
621,22	40,413
621,41	40,440
621,60	40,465
621,80	40,496
621,99	40,533
622,18	40,511
622,37	40,526
622,57	40,514
622,76	40,540
622,95	40,569
623,14	40,593
623,34	40,613
623,53	40,629
623,72	40,611
623,92	40,620
624,11	40,634
624,30	40,668
624,49	40,737
624,69	40,742
624,88	40,757
625,07	40,772
625,26	40,800
625,46	40,837
625,65	40,835
625,84	40,831
626,03	40,841
626,23	40,818
626,42	40,844
626,61	40,798
626,80	40,817
626,99	40,820
627,19	40,793
627,38	40,753
627,57	40,729
627,76	40,744
627,96	40,754
628,15	40,727
628,34	40,720
628,53	40,684
628,72	40,696
628,92	40,692
629,11	40,704
629,30	40,739
629,49	40,763
629,69	40,802
629,88	40,850
630,07	40,991
630,26	41,094
630,45	41,151
630,65	41,226
630,84	41,267
631,03	41,309
631,22	41,321
631,41	41,297
631,61	41,267
631,80	41,225
631,99	41,134
632,18	40,977
632,37	40,861
632,57	40,882
632,76	40,746
632,95	40,627
633,14	40,547
633,33	40,438
633,53	40,373
633,72	40,317
633,91	40,261
634,10	40,220
634,29	40,180
634,48	40,159
634,68	40,014
634,87	40,023
635,06	40,023
635,25	39,976
635,44	39,970
635,63	39,968
635,83	39,934
636,02	39,924
636,21	39,938
636,40	39,928
636,59	39,931
636,78	39,950
636,98	39,963
637,17	39,978
637,36	39,967
637,55	39,982
637,74	39,974
637,93	40,006
638,13	39,992
638,32	39,972
638,51	39,978
638,70	39,970
638,89	39,990
639,08	39,960
639,27	39,978
639,47	39,989
639,66	40,045
639,85	39,975
640,04	39,992
640,23	39,995
640,42	39,997
640,61	39,993
640,80	39,962
641,00	39,926
641,19	39,937
641,38	39,952
641,57	39,980
641,76	39,951
641,95	40,005
642,14	39,974
642,33	40,005
642,52	40,012
642,72	40,078
642,91	40,133
643,10	40,129
643,29	40,154
643,48	40,116
643,67	40,086
643,86	40,078
644,05	40,106
644,24	40,135
644,44	40,128
644,63	40,145
644,82	40,095
645,01	40,071
645,20	40,091
645,39	40,091
645,58	40,102
645,77	40,140
645,96	40,141
646,15	40,163
646,34	40,159
646,54	40,159
646,73	40,145
646,92	40,142
647,11	40,142
647,30	40,140
647,49	40,115
647,68	40,100
647,87	40,113
648,06	40,146
648,25	40,139
648,44	40,130
648,63	40,131
648,82	40,148
649,01	40,151
649,21	40,171
649,40	40,221
649,59	40,256
649,78	40,343
649,97	40,338
650,16	40,331
650,35	40,356
650,54	40,411
650,73	40,440
650,92	40,453
651,11	40,498
651,30	40,534
651,49	40,539
651,68	40,540
651,87	40,497
652,06	40,523
652,25	40,523
652,44	40,474
652,63	40,452
652,82	40,459
653,01	40,458
653,20	40,421
653,39	40,403
653,58	40,390
653,78	40,385
653,97	40,382
654,16	40,360
654,35	40,374
654,54	40,411
654,73	40,412
654,92	40,429
655,11	40,459
655,30	40,532
655,49	40,592
655,68	40,642
655,87	40,679
656,06	40,689
656,25	40,712
656,44	40,702
656,63	40,715
656,82	40,731
657,01	40,714
657,20	40,665
657,39	40,594
657,58	40,530
657,77	40,479
657,96	40,420
658,15	40,395
658,34	40,370
658,53	40,342
658,72	40,320
658,91	40,271
659,10	40,254
659,29	40,280
659,48	40,312
659,66	40,288
659,85	40,290
660,04	40,313
660,23	40,338
660,42	40,345
660,61	40,352
660,80	40,335
660,99	40,356
661,18	40,393
661,37	40,394
661,56	40,392
661,75	40,410
661,94	40,416
662,13	40,448
662,32	40,457
662,51	40,493
662,70	40,545
662,89	40,585
663,08	40,612
663,27	40,567
663,46	40,546
663,65	40,538
663,84	40,557
664,03	40,539
664,21	40,500
664,40	40,528
664,59	40,474
664,78	40,456
664,97	40,441
665,16	40,452
665,35	40,491
665,54	40,530
665,73	40,537
665,92	40,558
666,11	40,575
666,30	40,600
666,49	40,526
666,68	40,546
666,86	40,539
667,05	40,567
667,24	40,546
667,43	40,522
667,62	40,514
667,81	40,506
668,00	40,500
668,19	40,496
668,38	40,491
668,57	40,538
668,76	40,555
668,94	40,529
669,13	40,514
669,32	40,509
669,51	40,505
669,70	40,481
669,89	40,512
670,08	40,499
670,27	40,508
670,46	40,504
670,65	40,519
670,83	40,518
671,02	40,528
671,21	40,539
671,40	40,510
671,59	40,540
671,78	40,569
671,97	40,544
672,16	40,552
672,34	40,532
672,53	40,535
672,72	40,509
672,91	40,479
673,10	40,509
673,29	40,493
673,48	40,521
673,67	40,527
673,85	40,531
674,04	40,552
674,23	40,525
674,42	40,540
674,61	40,538
674,80	40,545
674,99	40,584
675,17	40,569
675,36	40,575
675,55	40,581
675,74	40,561
675,93	40,548
676,12	40,558
676,30	40,581
676,49	40,580
676,68	40,632
676,87	40,666
677,06	40,654
677,25	40,649
677,43	40,648
677,62	40,664
677,81	40,679
678,00	40,682
678,19	40,666
678,38	40,684
678,56	40,700
678,75	40,655
678,94	40,601
679,13	40,630
679,32	40,646
679,50	40,674
679,69	40,664
679,88	40,674
680,07	40,665
680,26	40,682
680,45	40,684
680,63	40,700
680,82	40,689
681,01	40,717
681,20	40,722
681,39	40,741
681,57	40,732
681,76	40,739
681,95	40,738
682,14	40,793
682,33	40,769
682,51	40,750
682,70	40,640
682,89	40,628
683,08	40,638
683,26	40,626
683,45	40,624
683,64	40,613
683,83	40,652
684,02	40,634
684,20	40,627
684,39	40,665
684,58	40,677
684,77	40,751
684,95	40,772
685,14	40,777
685,33	40,809
685,52	40,795
685,71	40,795
685,89	40,767
686,08	40,774
686,27	40,766
686,46	40,760
686,64	40,797
686,83	40,841
687,02	40,895
687,21	40,918
687,39	40,903
687,58	40,912
687,77	40,923
687,96	40,942
688,14	40,969
688,33	40,977
688,52	41,012
688,70	40,992
688,89	40,989
689,08	40,965
689,27	40,945
689,45	40,949
689,64	40,962
689,83	40,969
690,02	40,951
690,20	40,974
690,39	40,941
690,58	40,907
690,77	40,888
690,95	40,899
691,14	40,896
691,33	40,885
691,51	40,886
691,70	40,906
691,89	40,889
692,08	40,896
692,26	40,879
692,45	40,909
692,64	40,926
692,82	40,970
693,01	40,952
693,20	40,977
693,38	41,000
693,57	40,974
693,76	40,966
693,95	41,024
694,13	41,039
694,32	41,060
694,51	41,036
694,69	41,022
694,88	40,993
695,07	40,977
695,25	40,937
695,44	40,936
695,63	40,954
695,81	40,943
696,00	40,903
696,19	40,915
696,37	40,905
696,56	40,955
696,75	40,991
696,93	40,986
697,12	40,996
697,31	41,037
697,49	41,076
697,68	41,087
697,87	41,074
698,05	41,097
698,24	41,065
698,43	41,072
698,61	41,055
698,80	41,006
698,99	41,051
699,17	41,074
699,36	41,059
699,55	41,048
699,73	41,046
699,92	41,074
700,11	41,072
700,29	41,107
700,48	41,119
700,66	41,134
700,85	41,179
701,04	41,155
701,22	41,151
701,41	41,154
701,60	41,155
701,78	41,153
701,97	41,147
702,16	41,127
702,34	41,099
702,53	41,083
702,71	41,098
702,90	41,086
703,09	41,097
703,27	41,117
703,46	41,108
703,64	41,106
703,83	41,141
704,02	41,152
704,20	41,177
704,39	41,202
704,57	41,212
704,76	41,227
704,95	41,234
705,13	41,269
705,32	41,286
705,50	41,342
705,69	41,356
705,88	41,377
706,06	41,420
706,25	41,448
706,43	41,462
706,62	41,478
706,81	41,506
706,99	41,564
707,18	41,587
707,36	41,600
707,55	41,597
707,73	41,622
707,92	41,670
708,11	41,687
708,29	41,741
708,48	41,816
708,66	41,842
708,85	41,813
709,03	41,831
709,22	41,828
709,41	41,825
709,59	41,852
709,78	41,810
709,96	41,732
710,15	41,686
710,33	41,601
710,52	41,584
710,71	41,564
710,89	41,575
711,08	41,533
711,26	41,554
711,45	41,574
711,63	41,573
711,82	41,633
712,00	41,694
712,19	41,748
712,37	41,808
712,56	41,786
712,74	41,787
712,93	41,783
713,12	41,816
713,30	41,781
713,49	41,762
713,67	41,720
713,86	41,666
714,04	41,620
714,23	41,573
714,41	41,551
714,60	41,497
714,78	41,503
714,97	41,473
715,15	41,441
715,34	41,410
715,52	41,391
715,71	41,402
715,89	41,409
716,08	41,384
716,26	41,358
716,45	41,337
716,63	41,369
716,82	41,382
717,00	41,409
717,19	41,357
717,37	41,375
717,56	41,389
717,74	41,386
717,93	41,389
718,11	41,404
718,30	41,430
718,48	41,433
718,67	41,455
718,85	41,406
719,04	41,355
719,22	41,397
719,41	41,371
719,59	41,382
719,78	41,384
719,96	41,380
720,14	41,360
720,33	41,316
720,51	41,307
720,70	41,284
720,88	41,307
721,07	41,342
721,25	41,325
721,44	41,360
721,62	41,373
721,81	41,317
721,99	41,322
722,18	41,341
722,36	41,400
722,54	41,427
722,73	41,451
722,91	41,425
723,10	41,440
723,28	41,439
723,47	41,412
723,65	41,382
723,84	41,444
724,02	41,426
724,20	41,447
724,39	41,445
724,57	41,438
724,76	41,410
724,94	41,435
725,13	41,464
725,31	41,470
725,49	41,481
725,68	41,477
725,86	41,494
726,05	41,474
726,23	41,504
726,41	41,447
726,60	41,444
726,78	41,439
726,97	41,436
727,15	41,365
727,34	41,361
727,52	41,329
727,70	41,318
727,89	41,311
728,07	41,329
728,26	41,290
728,44	41,294
728,62	41,309
728,81	41,336
728,99	41,340
729,17	41,406
729,36	41,399
729,54	41,430
729,73	41,438
729,91	41,425
730,09	41,460
730,28	41,458
730,46	41,543
730,65	41,539
730,83	41,533
731,01	41,534
731,20	41,490
731,38	41,503
731,56	41,526
731,75	41,552
731,93	41,559
732,12	41,599
732,30	41,616
732,48	41,602
732,67	41,609
732,85	41,613
733,03	41,614
733,22	41,636
733,40	41,633
733,58	41,602
733,77	41,627
733,95	41,672
734,13	41,641
734,32	41,644
734,50	41,637
734,68	41,635
734,87	41,625
735,05	41,630
735,23	41,647
735,42	41,682
735,60	41,701
735,78	41,637
735,97	41,633
736,15	41,617
736,33	41,614
736,52	41,594
736,70	41,586
736,88	41,607
737,07	41,599
737,25	41,561
737,43	41,581
737,62	41,571
737,80	41,579
737,98	41,536
738,17	41,539
738,35	41,529
738,53	41,547
738,72	41,548
738,90	41,512
739,08	41,519
739,26	41,570
739,45	41,556
739,63	41,545
739,81	41,560
740,00	41,569
740,18	41,564
740,36	41,575
740,54	41,584
740,73	41,581
740,91	41,623
741,09	41,627
741,28	41,598
741,46	41,576
741,64	41,625
741,82	41,630
742,01	41,600
742,19	41,612
742,37	41,590
742,56	41,589
742,74	41,619
742,92	41,570
743,10	41,583
743,29	41,572
743,47	41,576
743,65	41,572
743,83	41,567
744,02	41,593
744,20	41,584
744,38	41,612
744,56	41,618
744,75	41,613
744,93	41,651
745,11	41,632
745,29	41,624
745,48	41,631
745,66	41,616
745,84	41,652
746,02	41,651
746,21	41,647
746,39	41,637
746,57	41,654
746,75	41,621
746,94	41,636
747,12	41,657
747,30	41,719
747,48	41,724
747,66	41,715
747,85	41,724
748,03	41,744
748,21	41,787
748,39	41,818
748,58	41,793
748,76	41,799
748,94	41,800
749,12	41,804
749,30	41,763
749,49	41,780
749,67	41,727
749,85	41,720
750,03	41,719
750,21	41,700
750,40	41,685
750,58	41,669
750,76	41,690
750,94	41,651
751,12	41,692
751,31	41,695
751,49	41,671
751,67	41,709
751,85	41,716
752,03	41,690
752,22	41,701
752,40	41,665
752,58	41,662
752,76	41,669
752,94	41,662
753,12	41,633
753,31	41,629
753,49	41,657
753,67	41,684
753,85	41,667
754,03	41,669
754,21	41,647
754,40	41,704
754,58	41,735
754,76	41,761
754,94	41,830
755,12	41,812
755,30	41,835
755,49	41,868
755,67	41,874
755,85	41,856
756,03	41,861
756,21	41,876
756,39	41,834
756,57	41,808
756,76	41,695
756,94	41,664
757,12	41,652
757,30	41,656
757,48	41,605
757,66	41,592
757,84	41,634
758,02	41,633
758,21	41,624
758,39	41,628
758,57	41,655
758,75	41,703
758,93	41,717
759,11	41,699
759,29	41,684
759,47	41,664
759,66	41,616
759,84	41,589
760,02	41,591
760,20	41,573
760,38	41,557
760,56	41,536
760,74	41,582
760,92	41,556
761,10	41,589
761,29	41,600
761,47	41,616
761,65	41,712
761,83	41,715
762,01	41,741
762,19	41,770
762,37	41,814
762,55	41,826
762,73	41,843
762,91	41,876
763,09	41,853
763,28	41,858
763,46	41,886
763,64	41,878
763,82	41,849
764,00	41,861
764,18	41,848
764,36	41,857
764,54	41,876
764,72	41,840
764,90	41,803
765,08	41,808
765,26	41,830
765,44	41,800
765,62	41,755
765,80	41,804
765,99	41,763
766,17	41,806
766,35	41,788
766,53	41,756
766,71	41,764
766,89	41,791
767,07	41,798
767,25	41,793
767,43	41,821
767,61	41,842
767,79	41,831
767,97	41,862
768,15	41,857
768,33	41,831
768,51	41,826
768,69	41,819
768,87	41,781
769,05	41,776
769,23	41,728
769,41	41,739
769,59	41,717
769,77	41,701
769,95	41,676
770,13	41,633
770,31	41,686
770,49	41,718
770,67	41,753
770,85	41,793
771,03	41,812
771,21	41,790
771,39	41,771
771,57	41,811
771,75	41,807
771,93	41,846
772,11	41,889
772,29	41,866
772,47	41,895
772,65	41,889
772,83	41,897
773,01	41,912
773,19	41,927
773,37	41,891
773,55	41,906
773,73	41,894
773,91	41,844
774,09	41,822
774,27	41,811
774,45	41,747
774,63	41,701
774,81	41,677
774,99	41,691
775,17	41,725
775,35	41,749
775,53	41,716
775,71	41,756
775,89	41,757
776,07	41,740
776,25	41,728
776,43	41,735
776,61	41,770
776,79	41,759
776,97	41,744
777,15	41,732
777,33	41,719
777,51	41,703
777,69	41,720
777,87	41,710
778,04	41,699
778,22	41,718
778,40	41,747
778,58	41,737
778,76	41,736
778,94	41,724
779,12	41,690
779,30	41,687
779,48	41,677
779,66	41,681
779,84	41,668
780,02	41,690
780,20	41,685
780,38	41,637
780,56	41,679
780,73	41,703
780,91	41,674
781,09	41,671
781,27	41,710
781,45	41,738
781,63	41,676
781,81	41,713
781,99	41,693
782,17	41,655
782,35	41,677
782,53	41,630
782,70	41,614
782,88	41,574
783,06	41,597
783,24	41,565
783,42	41,545
783,60	41,574
783,78	41,547
783,96	41,564
784,14	41,604
784,31	41,625
784,49	41,620
784,67	41,578
784,85	41,633
785,03	41,669
785,21	41,646
785,39	41,659
785,57	41,684
785,74	41,694
785,92	41,706
786,10	41,713
786,28	41,718
786,46	41,759
786,64	41,799
786,82	41,764
786,99	41,759
787,17	41,741
787,35	41,742
787,53	41,714
787,71	41,736
787,89	41,705
788,07	41,673
788,24	41,617
788,42	41,589
788,60	41,570
788,78	41,643
788,96	41,608
789,14	41,677
789,31	41,667
789,49	41,689
789,67	41,674
789,85	41,679
790,03	41,672
790,21	41,661
790,38	41,662
790,56	41,681
790,74	41,672
790,92	41,702
791,10	41,626
791,28	41,602
791,45	41,543
791,63	41,547
791,81	41,558
791,99	41,599
792,17	41,627
792,34	41,645
792,52	41,610
792,70	41,544
792,88	41,544
793,06	41,617
793,23	41,651
793,41	41,665
793,59	41,646
793,77	41,648
793,95	41,616
794,12	41,626
794,30	41,627
794,48	41,658
794,66	41,697
794,84	41,685
795,01	41,628
795,19	41,655
795,37	41,664
795,55	41,671
795,72	41,652
795,90	41,661
796,08	41,637
796,26	41,614
796,44	41,631
796,61	41,604
796,79	41,604
796,97	41,631
797,15	41,601
797,32	41,601
797,50	41,592
797,68	41,574
797,86	41,537
798,03	41,541
798,21	41,539
798,39	41,501
798,57	41,475
798,74	41,481
798,92	41,428
799,10	41,404
799,28	41,397
799,45	41,397
799,63	41,373
799,81	41,346
799,98	41,369
800,16	41,379
800,34	41,370
800,52	41,437
800,69	41,400
800,87	41,479
801,05	41,511
801,23	41,519
801,40	41,513
801,58	41,543
801,76	41,627
801,93	41,602
802,11	41,555
802,29	41,568
802,47	41,573
802,64	41,596
802,82	41,579
803,00	41,625
803,17	41,589
803,35	41,596
803,53	41,609
803,70	41,566
803,88	41,582
804,06	41,603
804,24	41,636
804,41	41,625
804,59	41,606
804,77	41,595
804,94	41,516
805,12	41,532
805,30	41,570
805,47	41,553
805,65	41,559
805,83	41,540
806,00	41,494
806,18	41,463
806,36	41,440
806,53	41,399
806,71	41,410
806,89	41,397
807,06	41,404
807,24	41,364
807,42	41,434
807,59	41,384
807,77	41,384
807,95	41,400
808,12	41,392
808,30	41,400
808,48	41,448
808,65	41,433
808,83	41,446
809,01	41,501
809,18	41,543
809,36	41,457
809,53	41,464
809,71	41,447
809,89	41,410
810,06	41,404
810,24	41,356
810,42	41,304
810,59	41,318
810,77	41,291
810,95	41,230
811,12	41,200
811,30	41,205
811,47	41,208
811,65	41,181
811,83	41,171
812,00	41,250
812,18	41,296
812,35	41,348
812,53	41,289
812,71	41,328
812,88	41,315
813,06	41,300
813,24	41,346
813,41	41,401
813,59	41,410
813,76	41,441
813,94	41,397
814,11	41,404
814,29	41,354
814,47	41,317
814,64	41,359
814,82	41,363
814,99	41,368
815,17	41,389
815,35	41,390
815,52	41,498
815,70	41,522
815,87	41,467
816,05	41,452
816,22	41,455
816,40	41,519
816,58	41,473
816,75	41,408
816,93	41,425
817,10	41,411
817,28	41,380
817,45	41,301
817,63	41,337
817,81	41,369
817,98	41,328
818,16	41,403
818,33	41,374
818,51	41,350
818,68	41,355
818,86	41,303
819,03	41,224
819,21	41,233
819,38	41,211
819,56	41,212
819,74	41,161
819,91	41,174
820,09	41,168
820,26	41,223
820,44	41,186
820,61	41,223
820,79	41,223
820,96	41,275
821,14	41,300
821,31	41,301
821,49	41,286
821,66	41,344
821,84	41,378
822,01	41,304
822,19	41,315
822,36	41,325
822,54	41,364
822,71	41,425
822,89	41,401
823,06	41,355
823,24	41,361
823,41	41,321
823,59	41,319
823,76	41,356
823,94	41,397
824,11	41,340
824,29	41,356
824,46	41,304
824,64	41,261
824,81	41,293
824,99	41,274
825,16	41,271
825,34	41,244
825,51	41,256
825,69	41,154
825,86	41,207
826,04	41,198
826,21	41,224
826,39	41,267
826,56	41,274
826,74	41,264
826,91	41,267
827,09	41,272
827,26	41,322
827,43	41,309
827,61	41,404
827,78	41,313
827,96	41,292
828,13	41,240
828,31	41,202
828,48	41,250
828,66	41,206
828,83	41,213
829,01	41,243
829,18	41,199
829,35	41,224
829,53	41,178
829,70	41,207
829,88	41,237
830,05	41,324
830,23	41,366
830,40	41,296
830,57	41,331
830,75	41,318
830,92	41,376
831,10	41,345
831,27	41,329
831,45	41,342
831,62	41,387
831,79	41,423
831,97	41,351
832,14	41,345
832,32	41,381
832,49	41,414
832,66	41,442
832,84	41,354
833,01	41,405
833,19	41,315
833,36	41,308
833,53	41,285
833,71	41,302
833,88	41,279
834,06	41,225
834,23	41,202
834,40	41,049
834,58	41,014
834,75	41,025
834,93	41,034
835,10	41,062
835,27	41,075
835,45	41,028
835,62	40,946
835,79	40,990
835,97	40,993
836,14	40,915
836,32	41,064
836,49	41,155
836,66	41,167
836,84	41,138
837,01	41,151
837,18	41,121
837,36	41,070
837,53	41,081
837,71	41,069
837,88	41,104
838,05	41,149
838,23	41,101
838,40	41,074
838,57	41,036
838,75	41,053
838,92	41,069
839,09	41,028
839,27	41,127
839,44	41,126
839,61	41,162
839,79	41,186
839,96	41,204
840,13	41,234
840,31	41,181
840,48	41,175
840,65	41,184
840,83	41,111
841,00	41,110
841,17	41,063
841,35	41,082
841,52	41,122
841,69	41,109
841,86	41,088
842,04	41,102
842,21	41,120
842,38	41,140
842,56	41,133
842,73	41,197
842,90	41,155
843,08	41,166
843,25	41,155
843,42	41,108
843,60	41,134
843,77	41,160
843,94	41,176
844,11	41,187
844,29	41,191
844,46	41,139
844,63	41,114
844,81	41,174
844,98	41,209
845,15	41,193
845,32	41,165
845,50	41,097
845,67	41,173
845,84	41,236
846,01	41,195
846,19	41,209
846,36	41,337
846,53	41,372
846,71	41,409
846,88	41,367
847,05	41,356
847,22	41,399
847,40	41,297
847,57	41,163
847,74	41,000
847,91	41,035
848,09	41,028
848,26	40,935
848,43	40,931
848,60	40,892
848,78	40,919
848,95	40,966
849,12	40,867
849,29	41,018
849,46	41,064
849,64	41,110
849,81	41,180
849,98	41,210
850,15	41,153
850,33	41,160
850,50	41,200
850,67	41,142
850,84	41,120
851,02	41,121
851,19	41,119
851,36	41,123
851,53	41,060
851,70	41,021
851,88	40,979
852,05	41,051
852,22	41,075
852,39	41,055
852,56	41,050
852,74	41,077
852,91	41,127
853,08	41,047
853,25	41,020
853,42	41,053
853,60	41,030
853,77	41,001
853,94	41,048
854,11	41,007
854,28	41,098
854,45	41,143
854,63	41,088
854,80	41,142
854,97	41,195
855,14	41,258
855,31	41,294
855,49	41,190
855,66	41,160
855,83	41,105
856,00	41,107
856,17	41,025
856,34	41,042
856,52	41,070
856,69	41,060
856,86	41,083
857,03	41,003
857,20	40,983
857,37	40,972
857,54	40,971
857,72	40,941
857,89	40,975
858,06	40,966
858,23	40,927
858,40	40,866
858,57	40,840
858,74	40,833
858,92	40,832
859,09	40,852
859,26	40,910
859,43	40,951
859,60	41,117
859,77	41,054
859,94	41,012
860,11	40,968
860,29	41,117
860,46	41,099
860,63	41,018
860,80	41,090
860,97	41,045
861,14	41,177
861,31	41,151
861,48	41,013
861,65	41,018
861,83	41,093
862,00	41,200
862,17	41,092
862,34	41,082
862,51	41,184
862,68	41,122
862,85	41,172
863,02	40,967
863,19	41,086
863,36	41,107
863,54	41,147
863,71	41,104
863,88	41,003
864,05	40,976
864,22	41,008
864,39	40,928
864,56	41,027
864,73	41,271
864,90	41,354
865,07	41,222
865,24	41,201
865,41	41,143
865,58	41,029
865,75	41,136
865,93	41,183
866,10	41,095
866,27	41,141
866,44	41,089
866,61	40,815
866,78	40,879
866,95	40,934
867,12	40,937
867,29	40,968
867,46	41,009
867,63	40,954
867,80	40,875
867,97	40,874
868,14	40,932
868,31	40,877
868,48	40,853
868,65	40,801
868,82	40,773
868,99	40,689
869,16	40,666
869,33	40,682
869,50	40,641
869,67	40,771
869,84	40,885
870,01	40,839
870,18	40,948
870,35	40,977
870,52	40,890
870,69	40,906
870,86	40,952
871,03	40,987
871,20	41,049
871,37	41,077
871,54	40,994
871,71	40,940
871,88	40,882
872,05	40,748
872,22	40,699
872,39	40,763
872,56	40,747
872,73	40,752
872,90	40,717
873,07	40,634
873,24	40,627
873,41	40,670
873,58	40,623
873,75	40,648
873,92	40,723
874,09	40,773
874,26	40,763
874,43	40,749
874,60	40,709
874,77	40,668
874,94	40,657
875,11	40,647
875,28	40,643
875,45	40,735
875,62	40,725
875,79	40,756
875,96	40,781
876,13	40,838
876,30	40,877
876,47	40,927
876,64	41,020
876,81	41,056
876,97	41,071
877,14	40,955
877,31	40,866
877,48	40,836
877,65	40,794
877,82	40,759
877,99	40,704
878,16	40,698
878,33	40,677
878,50	40,634
878,67	40,636
878,84	40,551
879,01	40,618
879,18	40,686
879,34	40,710
879,51	40,720
879,68	40,732
879,85	40,743
880,02	40,729
880,19	40,750
880,36	40,787
880,53	40,845
880,70	40,904
880,87	40,937
881,03	40,911
881,20	40,908
881,37	40,854
881,54	40,918
881,71	40,894
881,88	40,902
882,05	40,891
882,22	40,813
882,39	40,792
882,55	40,860
882,72	40,861
882,89	40,786
883,06	40,791
883,23	40,856
883,40	40,730
883,57	40,721
883,74	40,672
883,90	40,644
884,07	40,655
884,24	40,707
884,41	40,742
884,58	40,680
884,75	40,795
884,92	40,790
885,08	40,780
885,25	40,786
885,42	40,823
885,59	40,813
885,76	40,830
885,93	40,845
886,10	40,799
886,26	40,728
886,43	40,761
886,60	40,690
886,77	40,612
886,94	40,538
887,11	40,571
887,27	40,608
887,44	40,691
887,61	40,687
887,78	40,752
887,95	40,696
888,11	40,676
888,28	40,767
888,45	40,748
888,62	40,854
888,79	40,897
888,96	40,857
889,12	40,803
889,29	40,722
889,46	40,781
889,63	40,725
889,80	40,687
889,96	40,702
890,13	40,653
890,30	40,764
890,47	40,771
890,64	40,797
890,80	40,853
890,97	40,890
891,14	40,945
891,31	40,918
891,47	41,013
891,64	41,013
891,81	41,013
891,98	41,013
892,15	41,013
