177,28	557,143
177,50	557,143
177,72	557,143
177,94	-486,667
178,16	-404,412
178,37	-1863,158
178,59	-1489,441
178,81	-901,736
179,03	-978,445
179,25	-1462,500
179,47	-1935,606
179,69	-1317,225
179,90	-364,314
180,12	-278,145
180,34	-200,645
180,56	-157,143
180,78	-139,398
181,00	-143,081
181,22	-135,740
181,43	-126,353
181,65	-110,776
181,87	-107,750
182,09	-101,225
182,31	-106,551
182,53	-103,795
182,74	-109,004
182,96	-116,645
183,18	-119,403
183,40	-106,187
183,62	-107,963
183,84	-103,979
184,05	-105,963
184,27	-106,131
184,49	-103,186
184,71	-98,868
184,93	-95,880
185,15	-95,918
185,36	-96,143
185,58	-96,144
185,80	-98,199
186,02	-94,314
186,24	-97,213
186,45	-99,628
186,67	-106,377
186,89	-110,123
187,11	-113,980
187,33	-120,684
187,55	-123,236
187,76	-109,245
187,98	-104,402
188,20	-102,107
188,42	-105,272
188,64	-105,367
188,85	-105,630
189,07	-98,662
189,29	-92,149
189,51	-90,806
189,73	-93,366
189,94	-94,545
190,16	-104,493
190,38	-108,811
190,60	-107,787
190,82	-111,266
191,03	-109,080
191,25	-110,647
191,47	-106,982
191,69	-115,298
191,91	-110,285
192,12	-98,787
192,34	-94,053
192,56	-93,134
192,78	-93,637
193,00	-94,051
193,21	-87,580
193,43	-84,795
193,65	-82,288
193,87	-80,789
194,09	-79,074
194,30	-85,816
194,52	-88,311
194,74	-86,047
194,96	-79,345
195,17	-79,498
195,39	-79,735
195,61	-75,198
195,83	-74,094
196,05	-73,828
196,26	-80,719
196,48	-80,373
196,70	-74,752
196,92	-76,513
197,13	-78,411
197,35	-86,608
197,57	-85,098
197,79	-87,978
198,01	-91,060
198,22	-93,305
198,44	-91,476
198,66	-88,778
198,88	-89,107
199,09	-88,893
199,31	-86,162
199,53	-88,488
199,75	-85,177
199,96	-86,470
200,18	-80,161
200,40	-83,321
200,62	-81,493
200,83	-82,555
201,05	-82,622
201,27	-78,446
201,49	-78,047
201,70	-78,945
201,92	-79,716
202,14	-80,194
202,36	-77,894
202,57	-78,343
202,79	-77,940
203,01	-82,179
203,23	-80,643
203,44	-72,339
203,66	-73,649
203,88	-75,806
204,10	-75,172
204,31	-71,147
204,53	-69,748
204,75	-70,670
204,97	-70,202
205,18	-70,206
205,40	-71,263
205,62	-68,364
205,84	-75,967
206,05	-72,571
206,27	-67,105
206,49	-63,714
206,71	-68,180
206,92	-68,818
207,14	-69,161
207,36	-74,467
207,57	-75,662
207,79	-72,592
208,01	-76,170
208,23	-74,976
208,44	-76,602
208,66	-82,933
208,88	-88,662
209,10	-86,089
209,31	-86,982
209,53	-83,200
209,75	-79,811
209,96	-77,664
210,18	-75,876
210,40	-75,062
210,62	-70,059
210,83	-71,394
211,05	-66,147
211,27	-66,524
211,48	-65,762
211,70	-63,260
211,92	-64,393
212,14	-61,829
212,35	-59,520
212,57	-57,445
212,79	-56,693
213,00	-56,861
213,22	-54,683
213,44	-54,138
213,65	-50,216
213,87	-49,135
214,09	-48,092
214,31	-46,238
214,52	-44,323
214,74	-42,652
214,96	-41,903
215,17	-40,083
215,39	-39,094
215,61	-38,068
215,82	-36,525
216,04	-36,148
216,26	-34,450
216,47	-33,148
216,69	-32,243
216,91	-31,711
217,13	-31,666
217,34	-31,128
217,56	-30,875
217,78	-30,420
217,99	-29,444
218,21	-28,941
218,43	-28,449
218,64	-28,227
218,86	-27,731
219,08	-27,122
219,29	-26,444
219,51	-25,475
219,73	-24,851
219,94	-24,359
220,16	-24,034
220,38	-23,954
220,59	-23,583
220,81	-23,070
221,03	-22,756
221,24	-22,616
221,46	-22,644
221,68	-22,651
221,89	-22,592
222,11	-22,507
222,33	-22,561
222,54	-22,590
222,76	-22,582
222,98	-22,855
223,19	-23,049
223,41	-22,853
223,63	-22,955
223,84	-22,878
224,06	-22,947
224,28	-23,128
224,49	-23,028
224,71	-22,789
224,93	-22,543
225,14	-22,428
225,36	-22,233
225,57	-22,051
225,79	-22,041
226,01	-21,838
226,22	-21,606
226,44	-21,656
226,66	-21,458
226,87	-21,504
227,09	-21,458
227,31	-21,385
227,52	-21,321
227,74	-21,277
227,96	-21,222
228,17	-21,425
228,39	-21,635
228,60	-21,710
228,82	-21,724
229,04	-21,694
229,25	-21,655
229,47	-21,794
229,69	-21,919
229,90	-22,022
230,12	-21,968
230,33	-22,067
230,55	-21,918
230,77	-21,788
230,98	-21,717
231,20	-21,637
231,42	-21,615
231,63	-21,714
231,85	-21,719
232,06	-21,605
232,28	-21,422
232,50	-21,516
232,71	-21,461
232,93	-21,414
233,15	-21,413
233,36	-21,526
233,58	-21,524
233,79	-21,623
234,01	-21,550
234,23	-21,513
234,44	-21,715
234,66	-21,824
234,87	-21,806
235,09	-21,788
235,31	-21,921
235,52	-21,896
235,74	-21,869
235,95	-21,840
236,17	-21,917
236,39	-22,019
236,60	-22,094
236,82	-22,006
237,03	-22,007
237,25	-21,887
237,47	-21,918
237,68	-21,879
237,90	-21,908
238,11	-21,816
238,33	-21,875
238,55	-21,874
238,76	-21,870
238,98	-21,778
239,19	-21,796
239,41	-21,778
239,62	-21,875
239,84	-21,912
240,06	-21,838
240,27	-21,819
240,49	-21,953
240,70	-21,832
240,92	-21,860
241,13	-21,764
241,35	-21,731
241,57	-21,659
241,78	-21,738
242,00	-21,727
242,21	-21,684
242,43	-21,750
242,64	-21,806
242,86	-21,821
243,08	-21,921
243,29	-21,854
243,51	-21,945
243,72	-21,965
243,94	-21,952
244,15	-21,915
244,37	-22,042
244,59	-22,069
244,80	-22,103
245,02	-22,036
245,23	-21,951
245,45	-21,932
245,66	-21,914
245,88	-21,897
246,09	-21,881
246,31	-21,839
246,53	-21,806
246,74	-21,782
246,96	-21,746
247,17	-21,726
247,39	-21,805
247,60	-21,832
247,82	-21,841
248,03	-21,836
248,25	-21,825
248,46	-21,877
248,68	-21,977
248,90	-21,998
249,11	-21,930
249,33	-21,982
249,54	-22,038
249,76	-22,003
249,97	-22,057
250,19	-22,032
250,40	-22,009
250,62	-21,990
250,83	-22,038
251,05	-22,024
251,26	-22,097
251,48	-22,055
251,69	-22,055
251,91	-22,036
252,13	-22,001
252,34	-22,007
252,56	-22,007
252,77	-22,145
252,99	-22,157
253,20	-22,118
253,42	-22,090
253,63	-22,038
253,85	-22,113
254,06	-22,116
254,28	-22,074
254,49	-22,119
254,71	-22,138
254,92	-22,192
255,14	-22,148
255,35	-22,145
255,57	-22,209
255,78	-22,223
256,00	-22,237
256,21	-22,275
256,43	-22,295
256,64	-22,351
256,86	-22,354
257,07	-22,381
257,29	-22,386
257,50	-22,292
257,72	-22,322
257,93	-22,255
258,15	-22,306
258,36	-22,268
258,58	-22,284
258,79	-22,229
259,01	-22,217
259,22	-22,250
259,44	-22,231
259,65	-22,189
259,87	-22,278
260,08	-22,287
260,30	-22,271
260,51	-22,276
260,73	-22,348
260,94	-22,314
261,16	-22,330
261,37	-22,331
261,59	-22,301
261,80	-22,304
262,02	-22,304
262,23	-22,289
262,45	-22,220
262,66	-22,264
262,87	-22,272
263,09	-22,254
263,30	-22,219
263,52	-22,181
263,73	-22,149
263,95	-22,119
264,16	-22,081
264,38	-22,109
264,59	-22,066
264,81	-22,148
265,02	-22,129
265,24	-22,134
265,45	-22,133
265,67	-22,147
265,88	-22,190
266,09	-22,158
266,31	-22,176
266,52	-22,229
266,74	-22,204
266,95	-22,196
267,17	-22,182
267,38	-22,171
267,60	-22,123
267,81	-22,094
268,03	-22,092
268,24	-22,070
268,45	-22,144
268,67	-22,133
268,88	-22,093
269,10	-22,100
269,31	-22,114
269,53	-22,096
269,74	-22,090
269,96	-22,065
270,17	-22,058
270,38	-22,040
270,60	-22,056
270,81	-22,016
271,03	-22,084
271,24	-22,027
271,46	-22,072
271,67	-22,081
271,88	-22,066
272,10	-22,063
272,31	-22,086
272,53	-22,060
272,74	-22,089
272,96	-22,097
273,17	-22,131
273,38	-22,082
273,60	-22,164
273,81	-22,150
274,03	-22,128
274,24	-22,155
274,46	-22,190
274,67	-22,172
274,88	-22,256
275,10	-22,223
275,31	-22,211
275,53	-22,231
275,74	-22,261
275,95	-22,235
276,17	-22,256
276,38	-22,316
276,60	-22,302
276,81	-22,292
277,02	-22,328
277,24	-22,298
277,45	-22,339
277,67	-22,344
277,88	-22,345
278,09	-22,360
278,31	-22,340
278,52	-22,373
278,74	-22,377
278,95	-22,369
279,16	-22,374
279,38	-22,358
279,59	-22,364
279,81	-22,429
280,02	-22,465
280,23	-22,424
280,45	-22,399
280,66	-22,486
280,88	-22,450
281,09	-22,392
281,30	-22,468
281,52	-22,452
281,73	-22,479
281,94	-22,472
282,16	-22,425
282,37	-22,439
282,59	-22,501
282,80	-22,509
283,01	-22,433
283,23	-22,447
283,44	-22,485
283,65	-22,445
283,87	-22,456
284,08	-22,460
284,30	-22,498
284,51	-22,483
284,72	-22,505
284,94	-22,496
285,15	-22,524
285,36	-22,539
285,58	-22,532
285,79	-22,535
286,01	-22,556
286,22	-22,601
286,43	-22,624
286,65	-22,588
286,86	-22,625
287,07	-22,586
287,29	-22,568
287,50	-22,522
287,71	-22,526
287,93	-22,492
288,14	-22,511
288,35	-22,514
288,57	-22,491
288,78	-22,503
288,99	-22,522
289,21	-22,475
289,42	-22,473
289,63	-22,447
289,85	-22,481
290,06	-22,492
290,28	-22,495
290,49	-22,472
290,70	-22,467
290,92	-22,496
291,13	-22,484
291,34	-22,469
291,56	-22,476
291,77	-22,461
291,98	-22,495
292,20	-22,460
292,41	-22,457
292,62	-22,479
292,84	-22,461
293,05	-22,445
293,26	-22,430
293,47	-22,431
293,69	-22,420
293,90	-22,469
294,11	-22,504
294,33	-22,478
294,54	-22,533
294,75	-22,544
294,97	-22,510
295,18	-22,547
295,39	-22,602
295,61	-22,606
295,82	-22,615
296,03	-22,649
296,25	-22,637
296,46	-22,671
296,67	-22,696
296,89	-22,700
297,10	-22,641
297,31	-22,681
297,52	-22,687
297,74	-22,640
297,95	-22,610
298,16	-22,648
298,38	-22,613
298,59	-22,613
298,80	-22,588
299,02	-22,574
299,23	-22,533
299,44	-22,581
299,65	-22,569
299,87	-22,559
300,08	-22,560
300,29	-22,574
300,51	-22,546
300,72	-22,555
300,93	-22,515
301,14	-22,510
301,36	-22,559
301,57	-22,574
301,78	-22,588
302,00	-22,607
302,21	-22,642
302,42	-22,680
302,63	-22,696
302,85	-22,660
303,06	-22,691
303,27	-22,753
303,49	-22,775
303,70	-22,775
303,91	-22,808
304,12	-22,847
304,34	-22,854
304,55	-22,818
304,76	-22,795
304,97	-22,827
305,19	-22,888
305,40	-22,890
305,61	-22,882
305,82	-22,878
306,04	-22,857
306,25	-22,840
306,46	-22,817
306,68	-22,862
306,89	-22,919
307,10	-22,966
307,31	-22,986
307,53	-23,049
307,74	-23,103
307,95	-23,121
308,16	-23,155
308,38	-23,177
308,59	-23,233
308,80	-23,239
309,01	-23,198
309,23	-23,200
309,44	-23,218
309,65	-23,228
309,86	-23,162
310,07	-23,110
310,29	-23,093
310,50	-23,103
310,71	-23,102
310,92	-23,058
311,14	-23,074
311,35	-23,093
311,56	-23,111
311,77	-23,108
311,99	-23,080
312,20	-23,099
312,41	-23,171
312,62	-23,226
312,84	-23,218
313,05	-23,226
313,26	-23,306
313,47	-23,312
313,68	-23,338
313,90	-23,337
314,11	-23,312
314,32	-23,344
314,53	-23,342
314,75	-23,312
314,96	-23,303
315,17	-23,313
315,38	-23,305
315,59	-23,244
315,81	-23,262
316,02	-23,296
316,23	-23,332
316,44	-23,347
316,65	-23,400
316,87	-23,418
317,08	-23,434
317,29	-23,421
317,50	-23,377
317,71	-23,391
317,93	-23,376
318,14	-23,396
318,35	-23,356
318,56	-23,293
318,77	-23,299
318,99	-23,209
319,20	-23,215
319,41	-23,198
319,62	-23,192
319,83	-23,211
320,05	-23,239
320,26	-23,274
320,47	-23,289
320,68	-23,302
320,89	-23,297
321,11	-23,297
321,32	-23,315
321,53	-23,295
321,74	-23,292
321,95	-23,286
322,16	-23,315
322,38	-23,317
322,59	-23,324
322,80	-23,262
323,01	-23,282
323,22	-23,278
323,43	-23,292
323,65	-23,262
323,86	-23,268
324,07	-23,333
324,28	-23,353
324,49	-23,333
324,70	-23,344
324,92	-23,354
325,13	-23,406
325,34	-23,378
325,55	-23,444
325,76	-23,459
325,97	-23,532
326,19	-23,529
326,40	-23,461
326,61	-23,464
326,82	-23,438
327,03	-23,388
327,24	-23,352
327,46	-23,358
327,67	-23,375
327,88	-23,352
328,09	-23,361
328,30	-23,332
328,51	-23,345
328,72	-23,378
328,94	-23,375
329,15	-23,425
329,36	-23,466
329,57	-23,499
329,78	-23,472
329,99	-23,427
330,20	-23,449
330,42	-23,405
330,63	-23,394
330,84	-23,413
331,05	-23,395
331,26	-23,409
331,47	-23,404
331,68	-23,419
331,89	-23,441
332,11	-23,422
332,32	-23,460
332,53	-23,439
332,74	-23,465
332,95	-23,492
333,16	-23,483
333,37	-23,458
333,58	-23,465
333,80	-23,469
334,01	-23,455
334,22	-23,458
334,43	-23,480
334,64	-23,460
334,85	-23,486
335,06	-23,477
335,27	-23,451
335,48	-23,477
335,70	-23,543
335,91	-23,547
336,12	-23,545
336,33	-23,536
336,54	-23,553
336,75	-23,551
336,96	-23,596
337,17	-23,599
337,38	-23,574
337,59	-23,591
337,81	-23,560
338,02	-23,557
338,23	-23,575
338,44	-23,607
338,65	-23,612
338,86	-23,552
339,07	-23,539
339,28	-23,536
339,49	-23,507
339,70	-23,549
339,91	-23,582
340,13	-23,570
340,34	-23,532
340,55	-23,506
340,76	-23,522
340,97	-23,538
341,18	-23,594
341,39	-23,664
341,60	-23,657
341,81	-23,720
342,02	-23,749
342,23	-23,739
342,44	-23,802
342,65	-23,829
342,87	-23,841
343,08	-23,828
343,29	-23,840
343,50	-23,835
343,71	-23,803
343,92	-23,841
344,13	-23,800
344,34	-23,772
344,55	-23,760
344,76	-23,761
344,97	-23,772
345,18	-23,770
345,39	-23,804
345,60	-23,806
345,81	-23,820
346,02	-23,853
346,23	-23,839
346,45	-23,894
346,66	-23,941
346,87	-24,034
347,08	-24,031
347,29	-24,042
347,50	-24,065
347,71	-24,027
347,92	-24,007
348,13	-24,007
348,34	-23,988
348,55	-24,015
348,76	-24,014
348,97	-24,039
349,18	-23,974
349,39	-23,948
349,60	-23,952
349,81	-23,969
350,02	-24,017
350,23	-24,054
350,44	-24,006
350,65	-24,039
350,86	-24,051
351,07	-24,050
351,28	-24,040
351,49	-24,089
351,70	-24,146
351,91	-24,152
352,12	-24,160
352,33	-24,162
352,55	-24,197
352,76	-24,277
352,97	-24,291
353,18	-24,296
353,39	-24,311
353,60	-24,294
353,81	-24,291
354,02	-24,282
354,23	-24,304
354,44	-24,292
354,65	-24,323
354,86	-24,298
355,07	-24,296
355,28	-24,280
355,49	-24,324
355,70	-24,359
355,91	-24,348
356,12	-24,391
356,33	-24,390
356,54	-24,407
356,75	-24,438
356,96	-24,425
357,17	-24,417
357,38	-24,460
357,59	-24,488
357,80	-24,452
358,01	-24,395
358,22	-24,373
358,43	-24,323
358,64	-24,322
358,85	-24,298
359,05	-24,273
359,26	-24,241
359,47	-24,260
359,68	-24,271
359,89	-24,293
360,10	-24,321
360,31	-24,310
360,52	-24,334
360,73	-24,338
360,94	-24,382
361,15	-24,416
361,36	-24,429
361,57	-24,438
361,78	-24,463
361,99	-24,386
362,20	-24,331
362,41	-24,304
362,62	-24,315
362,83	-24,339
363,04	-24,388
363,25	-24,329
363,46	-24,338
363,67	-24,360
363,88	-24,341
364,09	-24,273
364,30	-24,297
364,51	-24,314
364,72	-24,309
364,93	-24,358
365,13	-24,373
365,34	-24,310
365,55	-24,359
365,76	-24,307
365,97	-24,345
366,18	-24,385
366,39	-24,471
366,60	-24,453
366,81	-24,436
367,02	-24,450
367,23	-24,405
367,44	-24,392
367,65	-24,404
367,86	-24,394
368,07	-24,460
368,28	-24,459
368,49	-24,459
368,69	-24,402
368,90	-24,387
369,11	-24,411
369,32	-24,394
369,53	-24,405
369,74	-24,417
369,95	-24,442
370,16	-24,413
370,37	-24,391
370,58	-24,337
370,79	-24,322
371,00	-24,361
371,21	-24,414
371,41	-24,420
371,62	-24,416
371,83	-24,450
372,04	-24,409
372,25	-24,447
372,46	-24,464
372,67	-24,504
372,88	-24,559
373,09	-24,542
373,30	-24,527
373,51	-24,513
373,71	-24,531
373,92	-24,551
374,13	-24,553
374,34	-24,573
374,55	-24,529
374,76	-24,534
374,97	-24,505
375,18	-24,495
375,39	-24,515
375,59	-24,549
375,80	-24,565
376,01	-24,556
376,22	-24,570
376,43	-24,554
376,64	-24,569
376,85	-24,605
377,06	-24,660
377,27	-24,629
377,47	-24,568
377,68	-24,607
377,89	-24,544
378,10	-24,540
378,31	-24,542
378,52	-24,501
378,73	-24,498
378,94	-24,548
379,14	-24,507
379,35	-24,495
379,56	-24,544
379,77	-24,598
379,98	-24,550
380,19	-24,613
380,40	-24,570
380,61	-24,575
380,81	-24,580
381,02	-24,544
381,23	-24,514
381,44	-24,465
381,65	-24,395
381,86	-24,385
382,07	-24,391
382,27	-24,444
382,48	-24,401
382,69	-24,432
382,90	-24,407
383,11	-24,453
383,32	-24,504
383,52	-24,483
383,73	-24,544
383,94	-24,547
384,15	-24,504
384,36	-24,520
384,57	-24,470
384,78	-24,515
384,98	-24,526
385,19	-24,572
385,40	-24,555
385,61	-24,569
385,82	-24,582
386,03	-24,578
386,23	-24,610
386,44	-24,638
386,65	-24,613
386,86	-24,582
387,07	-24,534
387,28	-24,575
387,48	-24,556
387,69	-24,568
387,90	-24,503
388,11	-24,570
388,32	-24,528
388,52	-24,550
388,73	-24,526
388,94	-24,536
389,15	-24,622
389,36	-24,698
389,57	-24,653
389,77	-24,645
389,98	-24,618
390,19	-24,592
390,40	-24,542
390,61	-24,582
390,81	-24,584
391,02	-24,628
391,23	-24,580
391,44	-24,572
391,65	-24,518
391,85	-24,511
392,06	-24,512
392,27	-24,534
392,48	-24,588
392,69	-24,566
392,89	-24,593
393,10	-24,596
393,31	-24,588
393,52	-24,613
393,73	-24,568
393,93	-24,601
394,14	-24,593
394,35	-24,657
394,56	-24,661
394,76	-24,713
394,97	-24,669
395,18	-24,677
395,39	-24,693
395,60	-24,725
395,80	-24,753
396,01	-24,844
396,22	-24,799
396,43	-24,869
396,63	-24,879
396,84	-24,896
397,05	-24,863
397,26	-24,892
397,47	-24,833
397,67	-24,801
397,88	-24,745
398,09	-24,738
398,30	-24,650
398,50	-24,685
398,71	-24,715
398,92	-24,631
399,13	-24,561
399,33	-24,536
399,54	-24,559
399,75	-24,600
399,96	-24,595
400,16	-24,669
400,37	-24,652
400,58	-24,721
400,79	-24,681
400,99	-24,599
401,20	-24,640
401,41	-24,706
401,62	-24,759
401,82	-24,805
402,03	-24,775
402,24	-24,775
402,45	-24,738
402,65	-24,819
402,86	-24,778
403,07	-24,795
403,28	-24,814
403,48	-24,838
403,69	-24,860
403,90	-24,852
404,10	-24,808
404,31	-24,830
404,52	-24,817
404,73	-24,833
404,93	-24,782
405,14	-24,813
405,35	-24,820
405,56	-24,817
405,76	-24,792
405,97	-24,801
406,18	-24,778
406,38	-24,803
406,59	-24,857
406,80	-24,879
407,01	-24,862
407,21	-24,907
407,42	-24,957
407,63	-24,973
407,83	-24,967
408,04	-24,941
408,25	-24,944
408,46	-24,959
408,66	-24,966
408,87	-24,934
409,08	-24,925
409,28	-24,959
409,49	-24,897
409,70	-24,814
409,90	-24,821
410,11	-24,895
410,32	-24,933
410,52	-24,908
410,73	-24,993
410,94	-25,005
411,15	-25,032
411,35	-25,084
411,56	-25,069
411,77	-25,016
411,97	-24,998
412,18	-25,025
412,39	-25,009
412,59	-24,996
412,80	-24,974
413,01	-24,932
413,21	-24,921
413,42	-24,877
413,63	-24,912
413,83	-24,910
414,04	-24,969
414,25	-25,000
414,45	-24,970
414,66	-24,945
414,87	-24,940
415,07	-24,993
415,28	-24,951
415,49	-24,939
415,69	-24,989
415,90	-25,017
416,11	-25,048
416,31	-25,049
416,52	-25,140
416,73	-25,196
416,93	-25,175
417,14	-25,188
417,35	-25,126
417,55	-25,151
417,76	-25,179
417,97	-25,211
418,17	-25,126
418,38	-25,126
418,59	-25,186
418,79	-25,113
419,00	-25,082
419,20	-25,225
419,41	-25,226
419,62	-25,277
419,82	-25,297
420,03	-25,333
420,24	-25,281
420,44	-25,253
420,65	-25,200
420,86	-25,169
421,06	-25,131
421,27	-25,126
421,47	-24,971
421,68	-24,977
421,89	-24,972
422,09	-24,999
422,30	-24,958
422,51	-24,969
422,71	-25,036
422,92	-25,090
423,12	-25,090
423,33	-25,123
423,54	-25,129
423,74	-25,193
423,95	-25,203
424,16	-25,180
424,36	-25,118
424,57	-25,138
424,77	-25,161
424,98	-25,108
425,19	-25,137
425,39	-25,145
425,60	-25,146
425,80	-25,168
426,01	-25,139
426,22	-25,165
426,42	-25,158
426,63	-25,190
426,83	-25,149
427,04	-25,133
427,25	-25,218
427,45	-25,140
427,66	-25,108
427,86	-25,095
428,07	-25,069
428,27	-25,109
428,48	-25,050
428,69	-25,097
428,89	-25,062
429,10	-25,063
429,30	-25,035
429,51	-25,000
429,72	-24,996
429,92	-25,058
430,13	-25,136
430,33	-25,159
430,54	-25,136
430,74	-25,121
430,95	-25,092
431,16	-25,217
431,36	-25,262
431,57	-25,335
431,77	-25,264
431,98	-25,305
432,18	-25,369
432,39	-25,328
432,60	-25,270
432,80	-25,302
433,01	-25,355
433,21	-25,345
433,42	-25,217
433,62	-25,218
433,83	-25,167
434,03	-25,312
434,24	-25,381
434,45	-25,508
434,65	-25,666
434,86	-25,901
435,06	-25,964
435,27	-26,156
435,47	-26,295
435,68	-26,432
435,88	-26,439
436,09	-26,560
436,29	-26,568
436,50	-26,595
436,71	-26,375
436,91	-26,268
437,12	-26,133
437,32	-26,073
437,53	-25,872
437,73	-25,819
437,94	-25,820
438,14	-25,866
438,35	-25,800
438,55	-25,818
438,76	-25,806
438,96	-25,972
439,17	-26,040
439,37	-26,068
439,58	-26,100
439,78	-26,220
439,99	-26,203
440,19	-26,227
440,40	-26,255
440,60	-26,337
440,81	-26,299
441,02	-26,230
441,22	-26,160
441,43	-26,088
441,63	-26,079
441,84	-26,116
442,04	-26,055
442,25	-26,052
442,45	-26,109
442,66	-26,162
442,86	-26,131
443,07	-26,186
443,27	-26,206
443,48	-26,167
443,68	-26,123
443,89	-26,126
444,09	-26,126
444,30	-26,208
444,50	-26,340
444,70	-26,343
444,91	-26,380
445,11	-26,375
445,32	-26,342
445,52	-26,471
445,73	-26,602
445,93	-26,821
446,14	-26,837
446,34	-26,983
446,55	-27,095
446,75	-27,052
446,96	-27,163
447,16	-27,196
447,37	-27,357
447,57	-27,450
447,78	-27,369
447,98	-27,271
448,19	-27,210
448,39	-27,339
448,60	-27,276
448,80	-27,159
449,00	-27,252
449,21	-27,171
449,41	-26,976
449,62	-26,896
449,82	-26,809
450,03	-26,934
450,23	-26,984
450,44	-27,120
450,64	-26,990
450,85	-26,915
451,05	-26,904
451,25	-26,981
451,46	-26,828
451,66	-26,941
451,87	-26,936
452,07	-27,043
452,28	-27,072
452,48	-27,005
452,69	-26,932
452,89	-26,951
453,09	-27,023
453,30	-27,101
453,50	-26,959
453,71	-26,940
453,91	-26,929
454,12	-26,972
454,32	-26,891
454,52	-26,788
454,73	-26,813
454,93	-26,813
455,14	-26,915
455,34	-26,941
455,55	-26,852
455,75	-26,862
455,95	-26,915
456,16	-26,883
456,36	-26,891
456,57	-26,959
456,77	-27,013
456,98	-27,005
457,18	-27,011
457,38	-26,890
457,59	-26,779
457,79	-26,869
458,00	-26,812
458,20	-26,752
458,40	-26,787
458,61	-26,704
458,81	-26,601
459,02	-26,539
459,22	-26,529
459,42	-26,337
459,63	-26,338
459,83	-26,402
460,04	-26,303
460,24	-26,337
460,44	-26,358
460,65	-26,248
460,85	-26,280
461,06	-26,248
461,26	-26,118
461,46	-26,076
461,67	-26,065
461,87	-26,080
462,07	-25,997
462,28	-25,968
462,48	-25,960
462,69	-25,886
462,89	-25,864
463,09	-25,766
463,30	-25,864
463,50	-25,934
463,70	-25,879
463,91	-25,927
464,11	-25,886
464,32	-25,902
464,52	-25,898
464,72	-25,921
464,93	-25,951
465,13	-26,004
465,33	-26,070
465,54	-26,012
465,74	-25,974
465,94	-25,953
466,15	-25,820
466,35	-25,789
466,55	-25,736
466,76	-25,803
466,96	-25,690
467,17	-25,662
467,37	-25,675
467,57	-25,577
467,78	-25,494
467,98	-25,547
468,18	-25,611
468,39	-25,672
468,59	-25,625
468,79	-25,650
469,00	-25,533
469,20	-25,583
469,40	-25,563
469,61	-25,471
469,81	-25,428
470,01	-25,473
470,22	-25,504
470,42	-25,453
470,62	-25,461
470,83	-25,467
471,03	-25,394
471,23	-25,490
471,44	-25,458
471,64	-25,443
471,84	-25,455
472,05	-25,438
472,25	-25,420
472,45	-25,289
472,65	-25,296
472,86	-25,253
473,06	-25,255
473,26	-25,250
473,47	-25,129
473,67	-25,056
473,87	-25,003
474,08	-25,003
474,28	-25,064
474,48	-25,039
474,69	-25,099
474,89	-25,108
475,09	-25,088
475,29	-25,046
475,50	-25,023
475,70	-25,047
475,90	-25,053
476,11	-25,108
476,31	-25,083
476,51	-25,064
476,72	-25,032
476,92	-24,997
477,12	-24,954
477,32	-25,021
477,53	-25,023
477,73	-24,995
477,93	-24,980
478,14	-25,042
478,34	-25,069
478,54	-25,086
478,74	-25,066
478,95	-25,082
479,15	-25,030
479,35	-25,024
479,55	-24,948
479,76	-24,967
479,96	-24,981
480,16	-24,943
480,37	-24,868
480,57	-24,838
480,77	-24,808
480,97	-24,853
481,18	-24,806
481,38	-24,792
481,58	-24,752
481,78	-24,760
481,99	-24,776
482,19	-24,771
482,39	-24,802
482,59	-24,854
482,80	-24,836
483,00	-24,833
483,20	-24,812
483,40	-24,800
483,61	-24,805
483,81	-24,866
484,01	-24,862
484,21	-24,899
484,42	-24,906
484,62	-24,887
484,82	-24,824
485,02	-24,860
485,23	-24,873
485,43	-24,824
485,63	-24,874
485,83	-24,980
486,03	-24,936
486,24	-24,917
486,44	-24,930
486,64	-24,980
486,84	-24,984
487,05	-25,065
487,25	-25,094
487,45	-25,143
487,65	-25,183
487,85	-25,230
488,06	-25,173
488,26	-25,158
488,46	-25,247
488,66	-25,179
488,87	-25,150
489,07	-25,243
489,27	-25,255
489,47	-25,225
489,67	-25,181
489,88	-25,230
490,08	-25,243
490,28	-25,239
490,48	-25,383
490,68	-25,339
490,89	-25,329
491,09	-25,391
491,29	-25,340
491,49	-25,361
491,69	-25,359
491,90	-25,420
492,10	-25,369
492,30	-25,313
492,50	-25,382
492,70	-25,349
492,90	-25,414
493,11	-25,472
493,31	-25,482
493,51	-25,521
493,71	-25,465
493,91	-25,469
494,12	-25,464
494,32	-25,519
494,52	-25,569
494,72	-25,532
494,92	-25,487
495,12	-25,450
495,33	-25,506
495,53	-25,507
495,73	-25,485
495,93	-25,529
496,13	-25,475
496,33	-25,472
496,54	-25,518
496,74	-25,469
496,94	-25,449
497,14	-25,430
497,34	-25,460
497,54	-25,374
497,75	-25,319
497,95	-25,338
498,15	-25,211
498,35	-25,211
498,55	-25,146
498,75	-25,090
498,95	-25,019
499,16	-25,007
499,36	-25,071
499,56	-25,063
499,76	-25,063
499,96	-25,081
500,16	-25,005
500,36	-25,113
500,57	-25,162
500,77	-25,146
500,97	-25,070
501,17	-25,126
501,37	-25,127
501,57	-25,084
501,77	-24,995
501,97	-24,956
502,18	-24,944
502,38	-25,061
502,58	-25,073
502,78	-25,050
502,98	-25,108
503,18	-25,176
503,38	-25,191
503,58	-25,251
503,79	-25,205
503,99	-25,292
504,19	-25,286
504,39	-25,295
504,59	-25,202
504,79	-25,168
504,99	-25,131
505,19	-25,149
505,39	-25,084
505,59	-25,146
505,80	-25,168
506,00	-25,226
506,20	-25,211
506,40	-25,233
506,60	-25,224
506,80	-25,278
507,00	-25,312
507,20	-25,345
507,40	-25,298
507,60	-25,344
507,81	-25,266
508,01	-25,228
508,21	-25,139
508,41	-25,104
508,61	-25,082
508,81	-25,079
509,01	-25,077
509,21	-24,972
509,41	-24,984
509,61	-25,049
509,81	-25,025
510,01	-25,037
510,21	-24,966
510,42	-25,009
510,62	-25,062
510,82	-25,110
511,02	-25,083
511,22	-25,059
511,42	-25,153
511,62	-25,191
511,82	-25,141
512,02	-25,191
512,22	-25,177
512,42	-25,214
512,62	-25,187
512,82	-25,155
513,02	-25,120
513,22	-25,203
513,42	-25,141
513,62	-25,063
513,83	-24,994
514,03	-25,013
514,23	-24,930
514,43	-24,938
514,63	-24,905
514,83	-25,017
515,03	-25,028
515,23	-25,095
515,43	-25,049
515,63	-25,137
515,83	-25,157
516,03	-25,242
516,23	-25,232
516,43	-25,292
516,63	-25,285
516,83	-25,291
517,03	-25,181
517,23	-25,123
517,43	-25,071
517,63	-25,060
517,83	-24,946
518,03	-24,989
518,23	-24,868
518,43	-24,865
518,63	-24,839
518,83	-24,834
519,03	-24,865
519,23	-24,910
519,43	-24,966
519,63	-24,931
519,83	-24,924
520,03	-25,031
520,23	-24,978
520,43	-24,950
520,63	-24,918
520,83	-24,964
521,03	-24,957
521,23	-24,929
521,43	-24,956
521,63	-24,882
521,83	-24,909
522,03	-24,921
522,23	-24,896
522,43	-24,817
522,63	-24,834
522,83	-24,834
523,03	-24,793
523,23	-24,784
523,43	-24,786
523,63	-24,703
523,83	-24,725
524,03	-24,626
524,23	-24,634
524,43	-24,646
524,63	-24,679
524,83	-24,729
525,03	-24,722
525,23	-24,718
525,43	-24,779
525,63	-24,787
525,83	-24,800
526,03	-24,828
526,23	-24,905
526,43	-24,864
526,63	-24,924
526,83	-24,953
527,03	-24,867
527,23	-24,873
527,43	-24,872
527,63	-24,798
527,83	-24,720
528,02	-24,748
528,22	-24,739
528,42	-24,768
528,62	-24,839
528,82	-24,748
529,02	-24,737
529,22	-24,790
529,42	-24,796
529,62	-24,735
529,82	-24,717
530,02	-24,763
530,22	-24,750
530,42	-24,747
530,62	-24,664
530,82	-24,575
531,02	-24,525
531,22	-24,552
531,41	-24,608
531,61	-24,618
531,81	-24,774
532,01	-24,906
532,21	-24,884
532,41	-24,933
532,61	-24,953
532,81	-25,007
533,01	-25,039
533,21	-25,111
533,41	-25,113
533,61	-25,130
533,80	-25,128
534,00	-25,058
534,20	-24,958
534,40	-25,027
534,60	-25,090
534,80	-25,058
535,00	-25,137
535,20	-25,150
535,40	-25,137
535,60	-25,193
535,80	-25,230
535,99	-25,242
536,19	-25,243
536,39	-25,294
536,59	-25,286
536,79	-25,196
536,99	-25,188
537,19	-25,176
537,39	-25,185
537,59	-25,154
537,78	-25,136
537,98	-25,128
538,18	-25,145
538,38	-25,153
538,58	-25,201
538,78	-25,303
538,98	-25,306
539,18	-25,372
539,37	-25,412
539,57	-25,427
539,77	-25,546
539,97	-25,695
540,17	-25,700
540,37	-25,828
540,57	-25,996
540,77	-26,116
540,96	-26,208
541,16	-26,368
541,36	-26,530
541,56	-26,719
541,76	-26,781
541,96	-26,783
542,16	-26,746
542,35	-26,802
542,55	-26,737
542,75	-26,748
542,95	-26,633
543,15	-26,478
543,35	-26,368
543,55	-26,262
543,74	-26,057
543,94	-26,105
544,14	-26,142
544,34	-26,205
544,54	-26,319
544,74	-26,553
544,93	-26,700
545,13	-26,991
545,33	-27,300
545,53	-27,558
545,73	-27,744
545,93	-28,004
546,12	-28,117
546,32	-28,128
546,52	-28,086
546,72	-28,027
546,92	-27,916
547,11	-27,719
547,31	-27,423
547,51	-27,171
547,71	-26,927
547,91	-26,835
548,11	-26,705
548,30	-26,523
548,50	-26,510
548,70	-26,479
548,90	-26,379
549,10	-26,285
549,29	-26,186
549,49	-26,080
549,69	-26,012
549,89	-25,977
550,09	-25,833
550,28	-25,718
550,48	-25,682
550,68	-25,589
550,88	-25,481
551,08	-25,490
551,27	-25,400
551,47	-25,378
551,67	-25,438
551,87	-25,416
552,07	-25,455
552,26	-25,437
552,46	-25,386
552,66	-25,434
552,86	-25,441
553,05	-25,589
553,25	-25,491
553,45	-25,402
553,65	-25,391
553,85	-25,327
554,04	-25,314
554,24	-25,242
554,44	-25,238
554,64	-25,312
554,83	-25,230
555,03	-25,316
555,23	-25,196
555,43	-25,264
555,62	-25,337
555,82	-25,376
556,02	-25,395
556,22	-25,405
556,41	-25,348
556,61	-25,281
556,81	-25,321
557,01	-25,325
557,21	-25,221
557,40	-25,236
557,60	-25,149
557,80	-25,115
557,99	-25,040
558,19	-25,019
558,39	-25,004
558,59	-25,057
558,78	-25,077
558,98	-25,067
559,18	-25,073
559,38	-25,171
559,57	-25,149
559,77	-25,221
559,97	-25,274
560,17	-25,284
560,36	-25,281
560,56	-25,292
560,76	-25,347
560,95	-25,515
561,15	-25,375
561,35	-25,426
561,55	-25,288
561,74	-25,290
561,94	-25,273
562,14	-25,261
562,34	-25,228
562,53	-25,259
562,73	-25,273
562,93	-25,318
563,12	-25,215
563,32	-25,356
563,52	-25,321
563,71	-25,397
563,91	-25,439
564,11	-25,448
564,31	-25,435
564,50	-25,507
564,70	-25,471
564,90	-25,408
565,09	-25,342
565,29	-25,275
565,49	-25,229
565,68	-25,292
565,88	-25,268
566,08	-25,330
566,27	-25,228
566,47	-25,251
566,67	-25,236
566,87	-25,341
567,06	-25,323
567,26	-25,339
567,46	-25,429
567,65	-25,333
567,85	-25,232
568,05	-25,199
568,24	-25,141
568,44	-25,303
568,64	-25,232
568,83	-25,218
569,03	-25,155
569,23	-25,247
569,42	-25,206
569,62	-25,226
569,82	-25,289
570,01	-25,313
570,21	-25,344
570,41	-25,333
570,60	-25,251
570,80	-25,229
571,00	-25,164
571,19	-25,140
571,39	-25,111
571,58	-25,075
571,78	-25,082
571,98	-25,116
572,17	-25,144
572,37	-25,161
572,57	-25,109
572,76	-25,148
572,96	-25,234
573,16	-25,268
573,35	-25,262
573,55	-25,304
573,74	-25,334
573,94	-25,350
574,14	-25,313
574,33	-25,399
574,53	-25,352
574,73	-25,361
574,92	-25,292
575,12	-25,382
575,32	-25,386
575,51	-25,501
575,71	-25,480
575,90	-25,503
576,10	-25,540
576,30	-25,578
576,49	-25,436
576,69	-25,468
576,88	-25,555
577,08	-25,671
577,28	-25,587
577,47	-25,627
577,67	-25,510
577,86	-25,550
578,06	-25,595
578,26	-25,583
578,45	-25,727
578,65	-25,916
578,84	-26,009
579,04	-26,033
579,24	-26,044
579,43	-26,074
579,63	-26,097
579,82	-26,112
580,02	-26,092
580,22	-26,109
580,41	-26,084
580,61	-25,984
580,80	-25,906
581,00	-25,833
581,19	-25,807
581,39	-25,648
581,59	-25,628
581,78	-25,625
581,98	-25,757
582,17	-25,710
582,37	-25,663
582,56	-25,598
582,76	-25,561
582,96	-25,552
583,15	-25,610
583,35	-25,562
583,54	-25,702
583,74	-25,740
583,93	-25,715
584,13	-25,723
584,33	-25,855
584,52	-25,901
584,72	-25,984
584,91	-25,988
585,11	-25,994
585,30	-25,953
585,50	-25,991
585,69	-25,959
585,89	-25,955
586,08	-25,998
586,28	-25,926
586,48	-25,943
586,67	-25,980
586,87	-26,013
587,06	-26,008
587,26	-25,987
587,45	-25,984
587,65	-25,941
587,84	-25,966
588,04	-25,869
588,23	-25,795
588,43	-25,811
588,62	-25,762
588,82	-25,753
589,01	-25,675
589,21	-25,714
589,40	-25,750
589,60	-25,761
589,79	-25,776
589,99	-25,785
590,19	-25,844
590,38	-25,919
590,58	-25,827
590,77	-25,757
590,97	-25,775
591,16	-25,814
591,36	-25,842
591,55	-25,851
591,75	-25,876
591,94	-25,947
592,14	-25,983
592,33	-26,084
592,53	-26,114
592,72	-26,204
592,92	-26,274
593,11	-26,249
593,31	-26,215
593,50	-26,098
593,69	-26,039
593,89	-26,010
594,08	-25,926
594,28	-25,900
594,47	-25,810
594,67	-25,799
594,86	-25,767
595,06	-25,736
595,25	-25,740
595,45	-25,802
595,64	-25,892
595,84	-25,883
596,03	-25,958
596,23	-26,022
596,42	-26,036
596,62	-26,043
596,81	-26,001
597,01	-25,980
597,20	-25,921
597,39	-25,929
597,59	-25,898
597,78	-25,920
597,98	-26,056
598,17	-25,947
598,37	-25,885
598,56	-25,875
598,76	-25,902
598,95	-25,955
599,15	-26,047
599,34	-26,108
599,53	-26,132
599,73	-26,115
599,92	-26,072
600,12	-25,940
600,31	-26,029
600,51	-26,118
600,70	-26,102
600,89	-26,031
601,09	-26,056
601,28	-25,997
601,48	-25,965
601,67	-25,932
601,87	-25,964
602,06	-25,991
602,25	-26,070
602,45	-26,042
602,64	-25,986
602,84	-26,025
603,03	-26,093
603,23	-26,032
603,42	-26,007
603,61	-26,100
603,81	-26,123
604,00	-26,060
604,20	-26,014
604,39	-25,969
604,58	-25,906
604,78	-25,985
604,97	-25,907
605,17	-25,915
605,36	-25,887
605,55	-25,898
605,75	-25,893
605,94	-25,816
606,14	-25,885
606,33	-25,958
606,52	-26,022
606,72	-26,150
606,91	-26,161
607,11	-26,241
607,30	-26,269
607,49	-26,203
607,69	-26,216
607,88	-26,169
608,07	-26,246
608,27	-26,231
608,46	-26,178
608,66	-26,195
608,85	-26,114
609,04	-26,025
609,24	-26,130
609,43	-26,171
609,62	-26,425
609,82	-26,627
610,01	-26,816
610,21	-26,966
610,40	-27,198
610,59	-27,429
610,79	-27,549
610,98	-27,800
611,17	-27,998
611,37	-28,017
611,56	-28,047
611,75	-28,034
611,95	-28,004
612,14	-27,931
612,33	-27,830
612,53	-27,716
612,72	-27,558
612,91	-27,482
613,11	-27,379
613,30	-27,242
613,49	-27,190
613,69	-27,159
613,88	-27,094
614,07	-26,971
614,27	-26,962
614,46	-26,857
614,65	-26,766
614,85	-26,790
615,04	-26,725
615,23	-26,697
615,43	-26,770
615,62	-26,662
615,81	-26,668
616,01	-26,669
616,20	-26,626
616,39	-26,567
616,59	-26,613
616,78	-26,577
616,97	-26,570
617,17	-26,513
617,36	-26,474
617,55	-26,384
617,75	-26,421
617,94	-26,367
618,13	-26,283
618,32	-26,319
618,52	-26,236
618,71	-26,172
618,90	-26,239
619,10	-26,187
619,29	-26,282
619,48	-26,203
619,67	-26,314
619,87	-26,268
620,06	-26,258
620,25	-26,282
620,45	-26,279
620,64	-26,308
620,83	-26,430
621,02	-26,298
621,22	-26,294
621,41	-26,252
621,60	-26,280
621,80	-26,180
621,99	-26,205
622,18	-26,221
622,37	-26,232
622,57	-26,241
622,76	-26,267
622,95	-26,192
623,14	-26,223
623,34	-26,213
623,53	-26,168
623,72	-26,187
623,92	-26,151
624,11	-26,125
624,30	-26,131
624,49	-26,124
624,69	-26,127
624,88	-26,166
625,07	-26,145
625,26	-26,157
625,46	-26,135
625,65	-26,190
625,84	-26,209
626,03	-26,284
626,23	-26,279
626,42	-26,190
626,61	-26,197
626,80	-26,199
626,99	-26,153
627,19	-26,113
627,38	-26,161
627,57	-26,168
627,76	-26,134
627,96	-26,059
628,15	-25,998
628,34	-26,037
628,53	-26,105
628,72	-26,115
628,92	-26,117
629,11	-26,122
629,30	-26,125
629,49	-26,156
629,69	-26,126
629,88	-26,096
630,07	-26,516
630,26	-26,493
630,45	-26,515
630,65	-26,495
630,84	-26,515
631,03	-26,440
631,22	-26,399
631,41	-26,482
631,61	-26,468
631,80	-26,539
631,99	-26,495
632,18	-26,086
632,37	-26,119
632,57	-26,043
632,76	-26,030
632,95	-26,007
633,14	-26,053
633,33	-26,010
633,53	-26,006
633,72	-25,960
633,91	-25,908
634,10	-25,968
634,29	-25,991
634,48	-25,947
634,68	-25,997
634,87	-26,056
635,06	-26,068
635,25	-26,098
635,44	-26,173
635,63	-26,138
635,83	-26,053
636,02	-26,063
636,21	-26,086
636,40	-26,131
636,59	-26,140
636,78	-26,077
636,98	-26,066
637,17	-26,025
637,36	-25,963
637,55	-25,964
637,74	-25,992
637,93	-26,067
638,13	-26,077
638,32	-26,081
638,51	-26,019
638,70	-26,005
638,89	-26,029
639,08	-25,980
639,27	-25,972
639,47	-26,049
639,66	-26,002
639,85	-26,066
640,04	-26,055
640,23	-26,094
640,42	-26,060
640,61	-26,110
640,80	-26,120
641,00	-26,132
641,19	-26,178
641,38	-26,147
641,57	-26,079
641,76	-26,165
641,95	-26,081
642,14	-26,097
642,33	-26,076
642,52	-26,065
642,72	-25,983
642,91	-26,003
643,10	-26,057
643,29	-25,968
643,48	-26,002
643,67	-25,985
643,86	-25,912
644,05	-25,928
644,24	-25,926
644,44	-25,960
644,63	-25,976
644,82	-26,002
645,01	-25,976
645,20	-25,971
645,39	-26,002
645,58	-26,041
645,77	-26,063
645,96	-26,114
646,15	-26,043
646,34	-26,046
646,54	-26,003
646,73	-26,027
646,92	-26,061
647,11	-26,122
647,30	-26,001
647,49	-26,033
647,68	-26,027
647,87	-26,064
648,06	-26,046
648,25	-26,127
648,44	-26,188
648,63	-26,171
648,82	-26,171
649,01	-26,105
649,21	-26,104
649,40	-26,148
649,59	-26,192
649,78	-26,118
649,97	-26,134
650,16	-26,071
650,35	-26,052
650,54	-26,077
650,73	-26,141
650,92	-26,173
651,11	-26,276
651,30	-26,147
651,49	-26,153
651,68	-26,090
651,87	-26,144
652,06	-26,069
652,25	-26,112
652,44	-26,063
652,63	-26,008
652,82	-25,904
653,01	-25,844
653,20	-25,839
653,39	-25,945
653,58	-25,935
653,78	-25,957
653,97	-25,924
654,16	-25,959
654,35	-25,959
654,54	-26,013
654,73	-25,992
654,92	-26,055
655,11	-26,065
655,30	-26,024
655,49	-25,950
655,68	-25,937
655,87	-25,882
656,06	-25,865
656,25	-25,820
656,44	-25,827
656,63	-25,749
656,82	-25,766
657,01	-25,728
657,20	-25,760
657,39	-25,772
657,58	-25,801
657,77	-25,814
657,96	-25,838
658,15	-25,972
658,34	-25,975
658,53	-25,934
658,72	-25,986
658,91	-25,972
659,10	-26,028
659,29	-26,083
659,48	-26,064
659,66	-26,098
659,85	-26,101
660,04	-26,120
660,23	-26,084
660,42	-26,089
660,61	-26,157
660,80	-26,202
660,99	-26,199
661,18	-26,104
661,37	-26,029
661,56	-26,031
661,75	-26,004
661,94	-26,058
662,13	-26,029
662,32	-25,944
662,51	-25,971
662,70	-25,942
662,89	-25,910
663,08	-25,906
663,27	-25,967
663,46	-25,927
663,65	-25,889
663,84	-25,898
664,03	-25,915
664,21	-25,966
664,40	-25,988
664,59	-25,997
664,78	-26,016
664,97	-25,992
665,16	-25,938
665,35	-25,951
665,54	-25,942
665,73	-25,947
665,92	-25,905
666,11	-25,842
666,30	-25,803
666,49	-25,788
666,68	-25,692
666,86	-25,689
667,05	-25,770
667,24	-25,785
667,43	-25,728
667,62	-25,705
667,81	-25,683
668,00	-25,735
668,19	-25,762
668,38	-25,730
668,57	-25,699
668,76	-25,748
668,94	-25,683
669,13	-25,609
669,32	-25,584
669,51	-25,608
669,70	-25,683
669,89	-25,759
670,08	-25,717
670,27	-25,677
670,46	-25,699
670,65	-25,743
670,83	-25,823
671,02	-25,907
671,21	-25,894
671,40	-25,962
671,59	-25,902
671,78	-25,872
671,97	-25,823
672,16	-25,828
672,34	-25,784
672,53	-25,810
672,72	-25,802
672,91	-25,862
673,10	-25,793
673,29	-25,819
673,48	-25,841
673,67	-25,845
673,85	-25,795
674,04	-25,838
674,23	-25,860
674,42	-25,904
674,61	-25,869
674,80	-25,921
674,99	-25,771
675,17	-25,820
675,36	-25,777
675,55	-25,697
675,74	-25,765
675,93	-25,884
676,12	-25,810
676,30	-25,794
676,49	-25,774
676,68	-25,721
676,87	-25,564
677,06	-25,572
677,25	-25,530
677,43	-25,616
677,62	-25,629
677,81	-25,623
678,00	-25,583
678,19	-25,599
678,38	-25,620
678,56	-25,641
678,75	-25,716
678,94	-25,804
679,13	-25,884
679,32	-25,886
679,50	-25,801
679,69	-25,808
679,88	-25,783
680,07	-25,785
680,26	-25,784
680,45	-25,736
680,63	-25,710
680,82	-25,787
681,01	-25,781
681,20	-25,729
681,39	-25,700
681,57	-25,694
681,76	-25,624
681,95	-25,546
682,14	-25,554
682,33	-25,640
682,51	-25,650
682,70	-25,709
682,89	-25,615
683,08	-25,635
683,26	-25,641
683,45	-25,623
683,64	-25,638
683,83	-25,719
684,02	-25,773
684,20	-25,730
684,39	-25,610
684,58	-25,678
684,77	-25,657
684,95	-25,650
685,14	-25,634
685,33	-25,593
685,52	-25,633
685,71	-25,635
685,89	-25,607
686,08	-25,649
686,27	-25,655
686,46	-25,714
686,64	-25,714
686,83	-25,664
687,02	-25,650
687,21	-25,651
687,39	-25,684
687,58	-25,681
687,77	-25,700
687,96	-25,757
688,14	-25,775
688,33	-25,699
688,52	-25,653
688,70	-25,589
688,89	-25,592
689,08	-25,520
689,27	-25,502
689,45	-25,487
689,64	-25,422
689,83	-25,333
690,02	-25,294
690,20	-25,214
690,39	-25,287
690,58	-25,290
690,77	-25,230
690,95	-25,278
691,14	-25,381
691,33	-25,390
691,51	-25,354
691,70	-25,420
691,89	-25,495
692,08	-25,376
692,26	-25,430
692,45	-25,372
692,64	-25,371
692,82	-25,437
693,01	-25,426
693,20	-25,380
693,38	-25,369
693,57	-25,394
693,76	-25,381
693,95	-25,352
694,13	-25,512
694,32	-25,446
694,51	-25,502
694,69	-25,550
694,88	-25,633
695,07	-25,652
695,25	-25,655
695,44	-25,745
695,63	-25,739
695,81	-25,767
696,00	-25,762
696,19	-25,720
696,37	-25,754
696,56	-25,695
696,75	-25,648
696,93	-25,634
697,12	-25,664
697,31	-25,641
697,49	-25,549
697,68	-25,573
697,87	-25,509
698,05	-25,545
698,24	-25,566
698,43	-25,614
698,61	-25,525
698,80	-25,567
698,99	-25,438
699,17	-25,362
699,36	-25,377
699,55	-25,346
699,73	-25,297
699,92	-25,317
700,11	-25,268
700,29	-25,236
700,48	-25,220
700,66	-25,356
700,85	-25,259
701,04	-25,310
701,22	-25,307
701,41	-25,311
701,60	-25,283
701,78	-25,321
701,97	-25,332
702,16	-25,311
702,34	-25,288
702,53	-25,286
702,71	-25,225
702,90	-25,304
703,09	-25,249
703,27	-25,293
703,46	-25,294
703,64	-25,335
703,83	-25,318
704,02	-25,398
704,20	-25,380
704,39	-25,371
704,57	-25,343
704,76	-25,380
704,95	-25,347
705,13	-25,463
705,32	-25,427
705,50	-25,432
705,69	-25,409
705,88	-25,485
706,06	-25,437
706,25	-25,500
706,43	-25,622
706,62	-25,694
706,81	-25,649
706,99	-25,669
707,18	-25,610
707,36	-25,659
707,55	-25,620
707,73	-25,727
707,92	-25,591
708,11	-25,574
708,29	-25,546
708,48	-25,439
708,66	-25,372
708,85	-25,496
709,03	-25,486
709,22	-25,499
709,41	-25,445
709,59	-25,494
709,78	-25,437
709,96	-25,532
710,15	-25,570
710,33	-25,592
710,52	-25,539
710,71	-25,504
710,89	-25,441
711,08	-25,508
711,26	-25,510
711,45	-25,576
711,63	-25,617
711,82	-25,653
712,00	-25,658
712,19	-25,623
712,37	-25,718
712,56	-25,845
712,74	-25,866
712,93	-25,845
713,12	-25,762
713,30	-25,738
713,49	-25,704
713,67	-25,669
713,86	-25,581
714,04	-25,551
714,23	-25,546
714,41	-25,434
714,60	-25,445
714,78	-25,450
714,97	-25,514
715,15	-25,532
715,34	-25,549
715,52	-25,493
715,71	-25,432
715,89	-25,444
716,08	-25,467
716,26	-25,471
716,45	-25,520
716,63	-25,389
716,82	-25,424
717,00	-25,406
717,19	-25,412
717,37	-25,431
717,56	-25,467
717,74	-25,463
717,93	-25,570
718,11	-25,581
718,30	-25,586
718,48	-25,609
718,67	-25,691
718,85	-25,712
719,04	-25,714
719,22	-25,723
719,41	-25,721
719,59	-25,728
719,78	-25,833
719,96	-25,772
720,14	-25,852
720,33	-25,950
720,51	-25,762
720,70	-25,746
720,88	-25,772
721,07	-25,731
721,25	-25,762
721,44	-25,749
721,62	-25,748
721,81	-25,782
721,99	-25,832
722,18	-25,730
722,36	-25,637
722,54	-25,758
722,73	-25,739
722,91	-25,788
723,10	-25,747
723,28	-25,770
723,47	-25,831
723,65	-25,810
723,84	-25,676
724,02	-25,606
724,20	-25,540
724,39	-25,527
724,57	-25,533
724,76	-25,582
724,94	-25,457
725,13	-25,558
725,31	-25,506
725,49	-25,449
725,68	-25,458
725,86	-25,505
726,05	-25,584
726,23	-25,529
726,41	-25,544
726,60	-25,515
726,78	-25,482
726,97	-25,563
727,15	-25,540
727,34	-25,599
727,52	-25,629
727,70	-25,697
727,89	-25,652
728,07	-25,606
728,26	-25,780
728,44	-25,827
728,62	-25,884
728,81	-25,940
728,99	-25,909
729,17	-25,854
729,36	-25,782
729,54	-25,825
729,73	-25,800
729,91	-25,850
730,09	-25,814
730,28	-25,719
730,46	-25,633
730,65	-25,661
730,83	-25,629
731,01	-25,631
731,20	-25,699
731,38	-25,716
731,56	-25,624
731,75	-25,633
731,93	-25,605
732,12	-25,619
732,30	-25,643
732,48	-25,703
732,67	-25,675
732,85	-25,646
733,03	-25,635
733,22	-25,613
733,40	-25,656
733,58	-25,752
733,77	-25,729
733,95	-25,768
734,13	-25,796
734,32	-25,782
734,50	-25,766
734,68	-25,822
734,87	-25,835
735,05	-25,785
735,23	-25,768
735,42	-25,707
735,60	-25,611
735,78	-25,706
735,97	-25,673
736,15	-25,694
736,33	-25,612
736,52	-25,637
736,70	-25,651
736,88	-25,649
737,07	-25,694
737,25	-25,727
737,43	-25,692
737,62	-25,799
737,80	-25,745
737,98	-25,723
738,17	-25,693
738,35	-25,885
738,53	-25,841
738,72	-25,796
738,90	-25,860
739,08	-25,862
739,26	-25,814
739,45	-25,872
739,63	-25,821
739,81	-25,769
740,00	-25,804
740,18	-25,872
740,36	-25,735
740,54	-25,773
740,73	-25,881
740,91	-25,773
741,09	-25,760
741,28	-25,788
741,46	-25,772
741,64	-25,690
741,82	-25,748
742,01	-25,869
742,19	-25,823
742,37	-25,927
742,56	-25,861
742,74	-25,776
742,92	-25,850
743,10	-25,788
743,29	-25,823
743,47	-25,833
743,65	-25,949
743,83	-25,787
744,02	-25,666
744,20	-25,582
744,38	-25,481
744,56	-25,492
744,75	-25,408
744,93	-25,411
745,11	-25,460
745,29	-25,494
745,48	-25,433
745,66	-25,350
745,84	-25,431
746,02	-25,511
746,21	-25,597
746,39	-25,585
746,57	-25,550
746,75	-25,680
746,94	-25,646
747,12	-25,672
747,30	-25,654
747,48	-25,807
747,66	-25,852
747,85	-25,924
748,03	-25,962
748,21	-25,884
748,39	-25,945
748,58	-26,110
748,76	-26,037
748,94	-26,064
749,12	-25,976
749,30	-25,896
749,49	-25,708
749,67	-25,713
749,85	-25,574
750,03	-25,478
750,21	-25,518
750,40	-25,523
750,58	-25,406
750,76	-25,481
750,94	-25,459
751,12	-25,475
751,31	-25,525
751,49	-25,554
751,67	-25,576
751,85	-25,632
752,03	-25,713
752,22	-25,728
752,40	-25,730
752,58	-25,780
752,76	-25,688
752,94	-25,678
753,12	-25,686
753,31	-25,663
753,49	-25,740
753,67	-25,639
753,85	-25,600
754,03	-25,601
754,21	-25,528
754,40	-25,514
754,58	-25,467
754,76	-25,435
754,94	-25,417
755,12	-25,422
755,30	-25,462
755,49	-25,313
755,67	-25,393
755,85	-25,537
756,03	-25,380
756,21	-25,418
756,39	-25,488
756,57	-25,544
756,76	-25,390
756,94	-25,378
757,12	-25,395
757,30	-25,368
757,48	-25,405
757,66	-25,378
757,84	-25,266
758,02	-25,378
758,21	-25,330
758,39	-25,273
758,57	-25,239
758,75	-25,428
758,93	-25,476
759,11	-25,478
759,29	-25,417
759,47	-25,500
759,66	-25,534
759,84	-25,578
760,02	-25,513
760,20	-25,580
760,38	-25,601
760,56	-25,581
760,74	-25,489
760,92	-25,507
761,10	-25,496
761,29	-25,597
761,47	-25,607
761,65	-25,524
761,83	-25,490
762,01	-25,478
762,19	-25,408
762,37	-25,282
762,55	-25,228
762,73	-25,332
762,91	-25,201
763,09	-25,180
763,28	-25,103
763,46	-25,080
763,64	-25,148
763,82	-25,020
764,00	-25,030
764,18	-25,169
764,36	-25,257
764,54	-25,330
764,72	-25,368
764,90	-25,459
765,08	-25,454
765,26	-25,504
765,44	-25,574
765,62	-25,477
765,80	-25,595
765,99	-25,674
766,17	-25,614
766,35	-25,607
766,53	-25,552
766,71	-25,485
766,89	-25,502
767,07	-25,512
767,25	-25,378
767,43	-25,325
767,61	-25,446
767,79	-25,459
767,97	-25,350
768,15	-25,321
768,33	-25,283
768,51	-25,280
768,69	-25,312
768,87	-25,345
769,05	-25,343
769,23	-25,380
769,41	-25,325
769,59	-25,246
769,77	-25,211
769,95	-25,238
770,13	-25,256
770,31	-25,265
770,49	-25,253
770,67	-25,236
770,85	-25,148
771,03	-25,123
771,21	-25,163
771,39	-25,124
771,57	-25,131
771,75	-25,144
771,93	-25,151
772,11	-25,103
772,29	-25,027
772,47	-25,012
772,65	-25,020
772,83	-25,085
773,01	-25,121
773,19	-25,124
773,37	-25,220
773,55	-25,209
773,73	-25,334
773,91	-25,445
774,09	-25,431
774,27	-25,626
774,45	-25,691
774,63	-25,716
774,81	-25,678
774,99	-25,770
775,17	-25,816
775,35	-25,873
775,53	-25,800
775,71	-25,593
775,89	-25,477
776,07	-25,544
776,25	-25,449
776,43	-25,421
776,61	-25,385
776,79	-25,393
776,97	-25,275
777,15	-25,233
777,33	-25,211
777,51	-25,371
777,69	-25,452
777,87	-25,452
778,04	-25,464
778,22	-25,520
778,40	-25,515
778,58	-25,483
778,76	-25,517
778,94	-25,541
779,12	-25,573
779,30	-25,604
779,48	-25,596
779,66	-25,593
779,84	-25,828
780,02	-25,837
780,20	-25,796
780,38	-25,818
780,56	-25,858
780,73	-25,775
780,91	-25,823
781,09	-25,751
781,27	-25,717
781,45	-25,575
781,63	-25,674
781,81	-25,566
781,99	-25,550
782,17	-25,561
782,35	-25,640
782,53	-25,628
782,70	-25,627
782,88	-25,718
783,06	-25,764
783,24	-25,742
783,42	-25,822
783,60	-25,887
783,78	-25,877
783,96	-25,936
784,14	-25,960
784,31	-26,014
784,49	-25,993
784,67	-25,919
784,85	-25,850
785,03	-25,877
785,21	-25,909
785,39	-25,915
785,57	-25,603
785,74	-25,553
785,92	-25,454
786,10	-25,444
786,28	-25,316
786,46	-25,240
786,64	-25,407
786,82	-25,440
786,99	-25,423
787,17	-25,461
787,35	-25,558
787,53	-25,691
787,71	-25,613
787,89	-25,680
788,07	-25,760
788,24	-25,763
788,42	-25,891
788,60	-25,934
788,78	-25,848
788,96	-25,908
789,14	-25,893
789,31	-25,748
789,49	-25,847
789,67	-25,994
789,85	-26,093
790,03	-26,114
790,21	-26,178
790,38	-26,135
790,56	-26,106
790,74	-26,206
790,92	-26,063
791,10	-26,080
791,28	-26,080
791,45	-26,038
791,63	-25,869
791,81	-25,743
791,99	-25,639
792,17	-25,640
792,34	-25,677
792,52	-25,689
792,70	-25,656
792,88	-25,868
793,06	-25,886
793,23	-26,041
793,41	-26,119
793,59	-26,307
793,77	-26,258
793,95	-26,256
794,12	-26,209
794,30	-26,131
794,48	-26,213
794,66	-26,219
794,84	-26,132
795,01	-26,119
795,19	-25,925
795,37	-25,875
795,55	-25,922
795,72	-26,071
795,90	-26,198
796,08	-26,264
796,26	-26,402
796,44	-26,233
796,61	-26,251
796,79	-26,146
796,97	-26,072
797,15	-26,131
797,32	-26,146
797,50	-25,986
797,68	-25,951
797,86	-25,867
798,03	-25,846
798,21	-25,744
798,39	-25,766
798,57	-25,712
798,74	-25,746
798,92	-25,864
799,10	-25,922
799,28	-25,907
799,45	-25,908
799,63	-25,809
799,81	-25,843
799,98	-25,793
800,16	-25,905
800,34	-26,091
800,52	-26,125
800,69	-26,351
800,87	-26,188
801,05	-26,160
801,23	-26,258
801,40	-26,365
801,58	-26,458
801,76	-26,437
801,93	-26,481
802,11	-26,435
802,29	-26,277
802,47	-26,157
802,64	-25,881
802,82	-25,909
803,00	-25,803
803,17	-25,705
803,35	-25,668
803,53	-25,710
803,70	-25,742
803,88	-25,758
804,06	-25,660
804,24	-25,757
804,41	-25,739
804,59	-25,798
804,77	-25,819
804,94	-26,056
805,12	-26,133
805,30	-26,028
805,47	-26,007
805,65	-25,899
805,83	-25,907
806,00	-26,134
806,18	-26,104
806,36	-26,242
806,53	-26,374
806,71	-26,519
806,89	-26,639
807,06	-26,522
807,24	-26,654
807,42	-26,585
807,59	-26,729
807,77	-26,673
807,95	-26,515
808,12	-26,405
808,30	-26,374
808,48	-26,225
808,65	-26,085
808,83	-25,931
809,01	-25,815
809,18	-25,699
809,36	-25,793
809,53	-25,853
809,71	-25,834
809,89	-25,908
810,06	-26,017
810,24	-26,065
810,42	-26,208
810,59	-26,267
810,77	-26,049
810,95	-26,242
811,12	-26,316
811,30	-26,430
811,47	-26,389
811,65	-26,496
811,83	-26,439
812,00	-26,385
812,18	-26,401
812,35	-26,321
812,53	-26,505
812,71	-26,674
812,88	-26,703
813,06	-26,766
813,24	-26,528
813,41	-26,389
813,59	-26,374
813,76	-26,519
813,94	-26,614
814,11	-26,597
814,29	-26,591
814,47	-26,469
814,64	-26,492
814,82	-26,492
814,99	-26,406
815,17	-26,479
815,35	-26,541
815,52	-26,526
815,70	-26,463
815,87	-26,489
816,05	-26,470
816,22	-26,561
816,40	-26,405
816,58	-26,451
816,75	-26,579
816,93	-26,598
817,10	-26,642
817,28	-26,697
817,45	-26,623
817,63	-26,575
817,81	-26,435
817,98	-26,463
818,16	-26,338
818,33	-26,377
818,51	-26,324
818,68	-26,238
818,86	-26,173
819,03	-26,051
819,21	-26,022
819,38	-26,098
819,56	-25,986
819,74	-26,138
819,91	-26,081
820,09	-26,147
820,26	-26,207
820,44	-26,279
820,61	-26,220
820,79	-26,247
820,96	-26,260
821,14	-26,182
821,31	-26,233
821,49	-26,431
821,66	-26,321
821,84	-26,289
822,01	-26,310
822,19	-26,287
822,36	-26,265
822,54	-26,302
822,71	-26,339
822,89	-26,444
823,06	-26,507
823,24	-26,491
823,41	-26,559
823,59	-26,544
823,76	-26,643
823,94	-26,331
824,11	-26,330
824,29	-26,212
824,46	-26,123
824,64	-26,177
824,81	-26,022
824,99	-25,978
825,16	-25,931
825,34	-25,917
825,51	-25,870
825,69	-25,981
825,86	-26,297
826,04	-26,380
826,21	-26,425
826,39	-26,422
826,56	-26,438
826,74	-26,539
826,91	-26,604
827,09	-26,614
827,26	-26,497
827,43	-26,509
827,61	-26,288
827,78	-26,488
827,96	-26,422
828,13	-26,496
828,31	-26,628
828,48	-26,515
828,66	-26,665
828,83	-26,719
829,01	-26,645
829,18	-26,625
829,35	-26,704
829,53	-26,692
829,70	-26,500
829,88	-26,441
830,05	-26,284
830,23	-26,303
830,40	-26,429
830,57	-26,353
830,75	-26,157
830,92	-26,214
831,10	-26,313
831,27	-26,312
831,45	-26,440
831,62	-26,544
831,79	-26,542
831,97	-26,717
832,14	-26,644
832,32	-26,556
832,49	-26,440
832,66	-26,505
832,84	-26,641
833,01	-26,576
833,19	-26,641
833,36	-26,502
833,53	-26,423
833,71	-26,432
833,88	-26,478
834,06	-26,660
834,23	-26,839
834,40	-27,108
834,58	-27,152
834,75	-27,140
834,93	-27,041
835,10	-27,048
835,27	-27,163
835,45	-27,121
835,62	-27,297
835,79	-27,284
835,97	-27,192
836,14	-27,074
836,32	-26,996
836,49	-26,913
836,66	-26,842
836,84	-26,868
837,01	-26,756
837,18	-26,859
837,36	-26,910
837,53	-26,799
837,71	-26,663
837,88	-26,442
838,05	-26,669
838,23	-26,443
838,40	-26,658
838,57	-26,636
838,75	-26,629
838,92	-26,706
839,09	-26,775
839,27	-26,699
839,44	-26,769
839,61	-26,924
839,79	-26,915
839,96	-26,705
840,13	-26,779
840,31	-26,780
840,48	-26,916
840,65	-27,139
840,83	-27,374
841,00	-27,328
841,17	-27,402
841,35	-27,340
841,52	-27,168
841,69	-27,140
841,86	-27,100
842,04	-27,105
842,21	-27,118
842,38	-26,864
842,56	-26,781
842,73	-26,640
842,90	-26,537
843,08	-26,618
843,25	-26,590
843,42	-26,823
843,60	-27,010
843,77	-27,025
843,94	-27,133
844,11	-26,979
844,29	-27,280
844,46	-27,334
844,63	-27,162
844,81	-27,328
844,98	-27,259
845,15	-27,447
845,32	-27,362
845,50	-27,462
845,67	-27,404
845,84	-27,276
846,01	-27,321
846,19	-27,194
846,36	-26,989
846,53	-27,104
846,71	-26,879
846,88	-27,110
847,05	-27,167
847,22	-27,025
847,40	-27,081
847,57	-27,287
847,74	-27,358
847,91	-27,541
848,09	-27,557
848,26	-27,722
848,43	-27,873
848,60	-28,010
848,78	-26,765
848,95	-26,855
849,12	-26,953
849,29	-26,860
849,46	-26,840
849,64	-26,884
849,81	-26,645
849,98	-26,642
850,15	-26,616
850,33	-26,252
850,50	-26,235
850,67	-27,192
850,84	-27,033
851,02	-27,099
851,19	-26,900
851,36	-26,991
851,53	-27,085
851,70	-27,250
851,88	-27,121
852,05	-27,189
852,22	-27,356
852,39	-27,330
852,56	-27,314
852,74	-27,216
852,91	-27,050
853,08	-27,176
853,25	-27,046
853,42	-27,165
853,60	-27,052
853,77	-27,314
853,94	-27,143
854,11	-27,219
854,28	-27,249
854,45	-27,308
854,63	-27,296
854,80	-27,381
854,97	-27,352
855,14	-27,207
855,31	-26,963
855,49	-27,079
855,66	-27,107
855,83	-27,284
856,00	-27,185
856,17	-27,099
856,34	-27,029
856,52	-27,002
856,69	-27,082
856,86	-27,209
857,03	-27,483
857,20	-27,497
857,37	-27,560
857,54	-27,685
857,72	-27,451
857,89	-27,517
858,06	-27,742
858,23	-27,784
858,40	-27,961
858,57	-28,111
858,74	-28,108
858,92	-28,011
859,09	-27,766
859,26	-27,565
859,43	-27,311
859,60	-27,283
859,77	-27,285
859,94	-27,496
860,11	-27,633
860,29	-27,590
860,46	-27,356
860,63	-27,454
860,80	-27,182
860,97	-27,365
861,14	-27,434
861,31	-27,438
861,48	-27,581
861,65	-27,505
861,83	-27,252
862,00	-27,151
862,17	-27,223
862,34	-27,430
862,51	-27,215
862,68	-27,444
862,85	-27,527
863,02	-27,682
863,19	-27,548
863,36	-27,606
863,54	-27,626
863,71	-27,662
863,88	-27,646
864,05	-27,609
864,22	-27,354
864,39	-27,361
864,56	-27,054
864,73	-27,201
864,90	-27,084
865,07	-27,109
865,24	-26,905
865,41	-26,885
865,58	-26,721
865,75	-26,746
865,93	-26,679
866,10	-26,715
866,27	-26,809
866,44	-26,974
866,61	-26,954
866,78	-26,826
866,95	-26,574
867,12	-26,744
867,29	-26,824
867,46	-26,961
867,63	-26,990
867,80	-27,355
867,97	-27,518
868,14	-27,310
868,31	-27,523
868,48	-27,636
868,65	-27,755
868,82	-28,129
868,99	-28,206
869,16	-28,216
869,33	-28,298
869,50	-28,523
869,67	-27,984
869,84	-28,000
870,01	-28,082
870,18	-28,028
870,35	-27,924
870,52	-27,915
870,69	-28,026
870,86	-27,955
871,03	-27,965
871,20	-27,820
871,37	-27,672
871,54	-27,979
871,71	-28,007
871,88	-27,950
872,05	-28,021
872,22	-28,003
872,39	-28,147
872,56	-28,005
872,73	-27,965
872,90	-27,996
873,07	-28,131
873,24	-28,061
873,41	-27,971
873,58	-27,987
873,75	-28,258
873,92	-28,277
874,09	-28,382
874,26	-28,286
874,43	-28,276
874,60	-28,492
874,77	-28,314
874,94	-28,308
875,11	-28,188
875,28	-28,299
875,45	-28,407
875,62	-28,358
875,79	-28,184
875,96	-27,933
876,13	-27,675
876,30	-27,891
876,47	-27,750
876,64	-27,914
876,81	-27,771
876,97	-27,774
877,14	-27,728
877,31	-27,690
877,48	-27,780
877,65	-27,885
877,82	-28,070
877,99	-28,493
878,16	-28,288
878,33	-28,577
878,50	-28,451
878,67	-28,543
878,84	-28,833
879,01	-28,641
879,18	-28,168
879,34	-28,009
879,51	-27,957
879,68	-27,913
879,85	-27,694
880,02	-27,853
880,19	-27,705
880,36	-27,626
880,53	-27,687
880,70	-27,597
880,87	-27,589
881,03	-27,949
881,20	-28,006
881,37	-27,970
881,54	-28,029
881,71	-28,119
881,88	-28,090
882,05	-28,066
882,22	-28,289
882,39	-28,176
882,55	-28,129
882,72	-28,239
882,89	-28,309
883,06	-28,322
883,23	-28,473
883,40	-28,350
883,57	-28,380
883,74	-28,174
883,90	-28,173
884,07	-28,272
884,24	-28,061
884,41	-28,010
884,58	-27,893
884,75	-27,710
884,92	-27,642
885,08	-27,212
885,25	-27,121
885,42	-27,150
885,59	-27,452
885,76	-27,514
885,93	-27,293
886,10	-27,391
886,26	-27,412
886,43	-27,171
886,60	-27,390
886,77	-27,431
886,94	-27,997
887,11	-28,041
887,27	-27,805
887,44	-27,518
887,61	-27,408
887,78	-27,467
887,95	-27,604
888,11	-27,635
888,28	-27,933
888,45	-28,043
888,62	-28,066
888,79	-27,886
888,96	-27,786
889,12	-28,073
889,29	-28,227
889,46	-28,111
889,63	-28,180
889,80	-28,175
889,96	-28,107
890,13	-28,137
890,30	-27,604
890,47	-27,582
890,64	-27,512
890,80	-27,645
890,97	-27,465
891,14	-27,385
891,31	-27,457
891,47	-27,554
891,64	-27,554
891,81	-27,554
891,98	-27,554
892,15	-27,554
