177,28	472,500
177,50	472,500
177,72	472,500
177,94	-213,333
178,16	-94,872
178,37	189,342
178,59	98,587
178,81	27,083
179,03	-88,152
179,25	-52,655
179,47	-105,076
179,69	-22,973
179,90	-12,703
180,12	-5,448
180,34	6,213
180,56	29,882
180,78	30,634
181,00	32,835
181,22	40,012
181,43	41,310
181,65	37,822
181,87	39,511
182,09	39,190
182,31	33,888
182,53	30,513
182,74	33,885
182,96	27,029
183,18	27,948
183,40	31,456
183,62	23,885
183,84	26,887
184,05	30,202
184,27	28,913
184,49	30,840
184,71	31,745
184,93	35,891
185,15	27,954
185,36	30,996
185,58	30,325
185,80	28,351
186,02	29,782
186,24	30,324
186,45	31,334
186,67	27,792
186,89	26,573
187,11	29,428
187,33	31,020
187,55	33,130
187,76	40,411
187,98	44,315
188,20	45,327
188,42	49,732
188,64	48,411
188,85	41,974
189,07	46,047
189,29	48,009
189,51	48,035
189,73	43,076
189,94	46,129
190,16	40,347
190,38	35,785
190,60	37,227
190,82	33,138
191,03	31,491
191,25	31,513
191,47	28,137
191,69	25,841
191,91	23,018
192,12	25,200
192,34	20,891
192,56	18,084
192,78	16,735
193,00	14,671
193,21	12,618
193,43	7,448
193,65	10,142
193,87	9,959
194,09	16,083
194,30	19,060
194,52	18,590
194,74	20,810
194,96	24,925
195,17	23,096
195,39	22,769
195,61	24,925
195,83	28,778
196,05	27,822
196,26	26,260
196,48	25,777
196,70	27,994
196,92	30,871
197,13	29,735
197,35	25,399
197,57	27,545
197,79	24,746
198,01	24,949
198,22	25,162
198,44	27,505
198,66	31,288
198,88	26,845
199,09	24,056
199,31	22,379
199,53	22,837
199,75	24,004
199,96	23,485
200,18	24,126
200,40	22,436
200,62	21,184
200,83	21,912
201,05	19,626
201,27	19,784
201,49	17,829
201,70	21,843
201,92	19,872
202,14	19,995
202,36	22,564
202,57	24,601
202,79	24,847
203,01	26,894
203,23	25,283
203,44	28,629
203,66	32,578
203,88	33,230
204,10	32,492
204,31	34,907
204,53	34,966
204,75	35,165
204,97	36,847
205,18	42,407
205,40	38,907
205,62	38,844
205,84	36,937
206,05	35,222
206,27	39,526
206,49	40,427
206,71	39,928
206,92	42,609
207,14	41,860
207,36	37,789
207,57	34,732
207,79	38,406
208,01	26,940
208,23	26,939
208,44	28,176
208,66	23,303
208,88	21,545
209,10	20,914
209,31	17,845
209,53	18,111
209,75	21,030
209,96	20,901
210,18	21,619
210,40	29,755
210,62	31,506
210,83	29,475
211,05	31,945
211,27	31,226
211,48	30,261
211,70	30,384
211,92	29,015
212,14	27,559
212,35	26,438
212,57	25,935
212,79	25,744
213,00	24,707
213,22	25,834
213,44	26,301
213,65	25,505
213,87	27,092
214,09	27,733
214,31	27,509
214,52	27,827
214,74	27,579
214,96	26,202
215,17	26,724
215,39	26,372
215,61	25,829
215,82	25,550
216,04	25,446
216,26	25,343
216,47	25,991
216,69	26,178
216,91	26,351
217,13	26,096
217,34	26,509
217,56	26,328
217,78	26,404
217,99	26,514
218,21	26,642
218,43	26,517
218,64	26,422
218,86	26,094
219,08	26,058
219,29	26,154
219,51	26,531
219,73	26,669
219,94	26,695
220,16	26,809
220,38	26,702
220,59	26,648
220,81	26,761
221,03	26,829
221,24	26,811
221,46	26,780
221,68	26,606
221,89	26,478
222,11	26,360
222,33	26,140
222,54	25,943
222,76	25,966
222,98	25,734
223,19	25,619
223,41	25,607
223,63	25,431
223,84	25,317
224,06	25,233
224,28	25,006
224,49	24,985
224,71	25,102
224,93	25,117
225,14	25,000
225,36	25,046
225,57	25,067
225,79	24,880
226,01	24,868
226,22	24,878
226,44	24,729
226,66	24,932
226,87	24,824
227,09	24,668
227,31	24,540
227,52	24,546
227,74	24,529
227,96	24,534
228,17	24,447
228,39	24,469
228,60	24,361
228,82	24,294
229,04	24,149
229,25	24,114
229,47	24,063
229,69	24,042
229,90	23,950
230,12	23,956
230,33	23,798
230,55	23,850
230,77	23,850
230,98	23,940
231,20	24,014
231,42	24,038
231,63	23,946
231,85	23,913
232,06	23,924
232,28	24,037
232,50	23,976
232,71	24,002
232,93	23,961
233,15	23,904
233,36	23,794
233,58	23,814
233,79	23,715
234,01	23,766
234,23	23,813
234,44	23,777
234,66	23,641
234,87	23,635
235,09	23,637
235,31	23,619
235,52	23,590
235,74	23,607
235,95	23,534
236,17	23,533
236,39	23,433
236,60	23,343
236,82	23,308
237,03	23,264
237,25	23,255
237,47	23,254
237,68	23,196
237,90	23,188
238,11	23,214
238,33	23,202
238,55	23,172
238,76	23,149
238,98	23,188
239,19	23,205
239,41	23,257
239,62	23,212
239,84	23,184
240,06	23,257
240,27	23,231
240,49	23,118
240,70	23,109
240,92	23,135
241,13	23,212
241,35	23,180
241,57	23,152
241,78	23,114
242,00	23,105
242,21	23,108
242,43	23,064
242,64	23,037
242,86	23,008
243,08	23,029
243,29	23,019
243,51	22,975
243,72	22,976
243,94	22,972
244,15	22,957
244,37	22,888
244,59	22,811
244,80	22,755
245,02	22,732
245,23	22,808
245,45	22,784
245,66	22,765
245,88	22,711
246,09	22,683
246,31	22,702
246,53	22,692
246,74	22,680
246,96	22,708
247,17	22,697
247,39	22,675
247,60	22,638
247,82	22,576
248,03	22,543
248,25	22,548
248,46	22,537
248,68	22,466
248,90	22,449
249,11	22,462
249,33	22,398
249,54	22,346
249,76	22,359
249,97	22,298
250,19	22,265
250,40	22,217
250,62	22,190
250,83	22,140
251,05	22,106
251,26	22,053
251,48	22,015
251,69	22,007
251,91	22,037
252,13	22,014
252,34	21,997
252,56	22,016
252,77	22,001
252,99	21,964
253,20	21,941
253,42	21,950
253,63	21,936
253,85	21,904
254,06	21,870
254,28	21,837
254,49	21,770
254,71	21,734
254,92	21,665
255,14	21,623
255,35	21,679
255,57	21,650
255,78	21,589
256,00	21,545
256,21	21,518
256,43	21,497
256,64	21,487
256,86	21,490
257,07	21,474
257,29	21,430
257,50	21,428
257,72	21,312
257,93	21,306
258,15	21,272
258,36	21,321
258,58	21,302
258,79	21,273
259,01	21,198
259,22	21,146
259,44	21,045
259,65	21,064
259,87	21,001
260,08	20,989
260,30	20,986
260,51	20,994
260,73	20,881
260,94	20,806
261,16	20,784
261,37	20,764
261,59	20,768
261,80	20,820
262,02	20,793
262,23	20,791
262,45	20,779
262,66	20,718
262,87	20,676
263,09	20,665
263,30	20,707
263,52	20,728
263,73	20,740
263,95	20,716
264,16	20,694
264,38	20,662
264,59	20,651
264,81	20,633
265,02	20,628
265,24	20,604
265,45	20,628
265,67	20,612
265,88	20,506
266,09	20,484
266,31	20,448
266,52	20,427
266,74	20,396
266,95	20,362
267,17	20,343
267,38	20,337
267,60	20,340
267,81	20,312
268,03	20,272
268,24	20,322
268,45	20,302
268,67	20,294
268,88	20,300
269,10	20,341
269,31	20,321
269,53	20,276
269,74	20,242
269,96	20,238
270,17	20,226
270,38	20,206
270,60	20,182
270,81	20,168
271,03	20,090
271,24	20,076
271,46	20,028
271,67	20,044
271,88	20,063
272,10	20,089
272,31	20,046
272,53	20,019
272,74	20,009
272,96	19,988
273,17	19,975
273,38	20,027
273,60	20,004
273,81	19,966
274,03	19,968
274,24	19,956
274,46	19,909
274,67	19,890
274,88	19,838
275,10	19,850
275,31	19,847
275,53	19,819
275,74	19,799
275,95	19,778
276,17	19,787
276,38	19,731
276,60	19,720
276,81	19,706
277,02	19,725
277,24	19,774
277,45	19,761
277,67	19,752
277,88	19,738
278,09	19,716
278,31	19,709
278,52	19,726
278,74	19,728
278,95	19,700
279,16	19,705
279,38	19,702
279,59	19,696
279,81	19,667
280,02	19,640
280,23	19,615
280,45	19,643
280,66	19,624
280,88	19,566
281,09	19,541
281,30	19,513
281,52	19,482
281,73	19,418
281,94	19,386
282,16	19,373
282,37	19,380
282,59	19,384
282,80	19,342
283,01	19,346
283,23	19,355
283,44	19,385
283,65	19,395
283,87	19,406
284,08	19,442
284,30	19,459
284,51	19,494
284,72	19,473
284,94	19,479
285,15	19,489
285,36	19,517
285,58	19,513
285,79	19,508
286,01	19,528
286,22	19,508
286,43	19,498
286,65	19,500
286,86	19,438
287,07	19,429
287,29	19,427
287,50	19,430
287,71	19,399
287,93	19,432
288,14	19,420
288,35	19,416
288,57	19,438
288,78	19,430
288,99	19,392
289,21	19,423
289,42	19,439
289,63	19,439
289,85	19,418
290,06	19,416
290,28	19,388
290,49	19,385
290,70	19,377
290,92	19,356
291,13	19,359
291,34	19,385
291,56	19,384
291,77	19,361
291,98	19,333
292,20	19,363
292,41	19,356
292,62	19,355
292,84	19,376
293,05	19,393
293,26	19,394
293,47	19,374
293,69	19,378
293,90	19,365
294,11	19,375
294,33	19,416
294,54	19,395
294,75	19,397
294,97	19,413
295,18	19,392
295,39	19,363
295,61	19,355
295,82	19,363
296,03	19,333
296,25	19,336
296,46	19,339
296,67	19,309
296,89	19,295
297,10	19,240
297,31	19,214
297,52	19,213
297,74	19,214
297,95	19,233
298,16	19,217
298,38	19,240
298,59	19,251
298,80	19,224
299,02	19,224
299,23	19,222
299,44	19,272
299,65	19,253
299,87	19,241
300,08	19,229
300,29	19,223
300,51	19,240
300,72	19,226
300,93	19,217
301,14	19,206
301,36	19,180
301,57	19,171
301,78	19,166
302,00	19,168
302,21	19,150
302,42	19,148
302,63	19,122
302,85	19,115
303,06	19,102
303,27	19,077
303,49	19,079
303,70	19,061
303,91	19,051
304,12	19,031
304,34	19,053
304,55	19,060
304,76	19,052
304,97	19,042
305,19	19,031
305,40	19,028
305,61	19,034
305,82	19,030
306,04	19,041
306,25	19,063
306,46	19,082
306,68	19,049
306,89	19,037
307,10	19,033
307,31	19,016
307,53	19,009
307,74	18,985
307,95	18,991
308,16	18,994
308,38	19,008
308,59	19,005
308,80	18,993
309,01	18,989
309,23	18,971
309,44	18,984
309,65	18,970
309,86	18,955
310,07	18,967
310,29	18,950
310,50	18,969
310,71	19,003
310,92	19,068
311,14	19,046
311,35	19,066
311,56	19,093
311,77	19,082
311,99	19,161
312,20	19,173
312,41	19,150
312,62	19,141
312,84	19,128
313,05	19,084
313,26	18,966
313,47	18,990
313,68	18,973
313,90	18,973
314,11	18,959
314,32	18,910
314,53	18,951
314,75	18,978
314,96	19,012
315,17	18,952
315,38	18,966
315,59	19,030
315,81	19,003
316,02	19,007
316,23	18,990
316,44	19,013
316,65	19,046
316,87	19,071
317,08	19,077
317,29	19,070
317,50	19,146
317,71	19,141
317,93	19,139
318,14	19,181
318,35	19,192
318,56	19,221
318,77	19,247
318,99	19,262
319,20	19,225
319,41	19,260
319,62	19,283
319,83	19,317
320,05	19,344
320,26	19,363
320,47	19,354
320,68	19,364
320,89	19,384
321,11	19,389
321,32	19,412
321,53	19,388
321,74	19,381
321,95	19,389
322,16	19,383
322,38	19,395
322,59	19,393
322,80	19,355
323,01	19,376
323,22	19,374
323,43	19,356
323,65	19,325
323,86	19,363
324,07	19,333
324,28	19,321
324,49	19,330
324,70	19,326
324,92	19,312
325,13	19,377
325,34	19,376
325,55	19,373
325,76	19,404
325,97	19,386
326,19	19,381
326,40	19,414
326,61	19,428
326,82	19,468
327,03	19,500
327,24	19,545
327,46	19,556
327,67	19,597
327,88	19,626
328,09	19,631
328,30	19,694
328,51	19,735
328,72	19,765
328,94	19,762
329,15	19,744
329,36	19,732
329,57	19,682
329,78	19,696
329,99	19,705
330,20	19,697
330,42	19,739
330,63	19,729
330,84	19,701
331,05	19,718
331,26	19,777
331,47	19,778
331,68	19,824
331,89	19,866
332,11	19,872
332,32	19,867
332,53	19,873
332,74	19,832
332,95	19,765
333,16	19,805
333,37	19,806
333,58	19,742
333,80	19,719
334,01	19,669
334,22	19,647
334,43	19,628
334,64	19,563
334,85	19,546
335,06	19,578
335,27	19,652
335,48	19,632
335,70	19,566
335,91	19,586
336,12	19,552
336,33	19,555
336,54	19,609
336,75	19,599
336,96	19,643
337,17	19,647
337,38	19,619
337,59	19,606
337,81	19,607
338,02	19,651
338,23	19,642
338,44	19,672
338,65	19,717
338,86	19,682
339,07	19,729
339,28	19,607
339,49	19,617
339,70	19,572
339,91	19,563
340,13	19,539
340,34	19,536
340,55	19,511
340,76	19,515
340,97	19,507
341,18	19,488
341,39	19,428
341,60	19,526
341,81	19,528
342,02	19,580
342,23	19,567
342,44	19,526
342,65	19,501
342,87	19,518
343,08	19,499
343,29	19,450
343,50	19,415
343,71	19,388
343,92	19,360
344,13	19,344
344,34	19,296
344,55	19,288
344,76	19,298
344,97	19,284
345,18	19,258
345,39	19,233
345,60	19,246
345,81	19,232
346,02	19,229
346,23	19,202
346,45	19,191
346,66	19,187
346,87	19,147
347,08	19,126
347,29	19,088
347,50	19,082
347,71	19,090
347,92	19,010
348,13	18,983
348,34	18,972
348,55	18,950
348,76	18,883
348,97	18,830
349,18	18,823
349,39	18,809
349,60	18,802
349,81	18,773
350,02	18,700
350,23	18,719
350,44	18,757
350,65	18,721
350,86	18,689
351,07	18,707
351,28	18,665
351,49	18,601
351,70	18,544
351,91	18,526
352,12	18,466
352,33	18,487
352,55	18,445
352,76	18,393
352,97	18,384
353,18	18,391
353,39	18,371
353,60	18,400
353,81	18,416
354,02	18,429
354,23	18,410
354,44	18,419
354,65	18,369
354,86	18,385
355,07	18,327
355,28	18,317
355,49	18,294
355,70	18,234
355,91	18,212
356,12	18,184
356,33	18,011
356,54	17,974
356,75	17,951
356,96	17,933
357,17	17,884
357,38	17,885
357,59	17,873
357,80	17,871
358,01	17,839
358,22	17,809
358,43	17,854
358,64	18,033
358,85	18,026
359,05	18,011
359,26	18,050
359,47	18,071
359,68	18,116
359,89	18,053
360,10	18,007
360,31	18,006
360,52	17,999
360,73	17,952
360,94	17,901
361,15	17,886
361,36	17,870
361,57	17,818
361,78	17,778
361,99	17,754
362,20	17,714
362,41	17,754
362,62	17,749
362,83	17,737
363,04	17,680
363,25	17,638
363,46	17,584
363,67	17,542
363,88	17,528
364,09	17,495
364,30	17,423
364,51	17,426
364,72	17,381
364,93	17,336
365,13	17,304
365,34	17,295
365,55	17,285
365,76	17,368
365,97	17,356
366,18	17,323
366,39	17,290
366,60	17,307
366,81	17,355
367,02	17,327
367,23	17,340
367,44	17,331
367,65	17,325
367,86	17,334
368,07	17,250
368,28	17,213
368,49	17,203
368,69	17,212
368,90	17,208
369,11	17,188
369,32	17,191
369,53	17,186
369,74	17,173
369,95	17,199
370,16	17,175
370,37	17,174
370,58	17,228
370,79	17,252
371,00	17,262
371,21	17,252
371,41	17,206
371,62	17,233
371,83	17,218
372,04	17,274
372,25	17,184
372,46	17,168
372,67	17,145
372,88	17,119
373,09	17,140
373,30	17,130
373,51	17,140
373,71	17,168
373,92	17,123
374,13	17,145
374,34	17,091
374,55	17,147
374,76	17,178
374,97	17,185
375,18	17,238
375,39	17,189
375,59	17,187
375,80	17,134
376,01	17,130
376,22	17,154
376,43	17,140
376,64	17,157
376,85	17,132
377,06	17,056
377,27	17,053
377,47	17,031
377,68	17,075
377,89	17,090
378,10	17,125
378,31	17,142
378,52	17,163
378,73	17,171
378,94	17,136
379,14	17,154
379,35	17,205
379,56	17,191
379,77	17,126
379,98	17,128
380,19	17,129
380,40	17,127
380,61	17,117
380,81	17,075
381,02	17,081
381,23	17,093
381,44	17,121
381,65	17,180
381,86	17,212
382,07	17,262
382,27	17,241
382,48	17,231
382,69	17,225
382,90	17,243
383,11	17,284
383,32	17,297
383,52	17,348
383,73	17,355
383,94	17,316
384,15	17,367
384,36	17,375
384,57	17,405
384,78	17,399
384,98	17,365
385,19	17,349
385,40	17,330
385,61	17,318
385,82	17,236
386,03	17,154
386,23	17,155
386,44	17,128
386,65	17,153
386,86	17,190
387,07	17,354
387,28	17,339
387,48	17,386
387,69	17,446
387,90	17,461
388,11	17,634
388,32	17,707
388,52	17,708
388,73	17,752
388,94	17,746
389,15	17,678
389,36	17,518
389,57	17,611
389,77	17,560
389,98	17,510
390,19	17,570
390,40	17,475
390,61	17,502
390,81	17,530
391,02	17,435
391,23	17,411
391,44	17,424
391,65	17,406
391,85	17,392
392,06	17,423
392,27	17,437
392,48	17,428
392,69	17,448
392,89	17,466
393,10	17,446
393,31	17,504
393,52	17,560
393,73	17,557
393,93	17,596
394,14	17,620
394,35	17,613
394,56	17,624
394,76	17,576
394,97	17,568
395,18	17,522
395,39	17,539
395,60	17,516
395,80	17,520
396,01	17,557
396,22	17,573
396,43	17,552
396,63	17,493
396,84	17,443
397,05	17,493
397,26	17,469
397,47	17,512
397,67	17,526
397,88	17,611
398,09	17,573
398,30	17,619
398,50	17,627
398,71	17,644
398,92	17,741
399,13	17,801
399,33	17,796
399,54	17,850
399,75	17,862
399,96	17,896
400,16	17,818
400,37	17,899
400,58	17,891
400,79	17,994
400,99	18,048
401,20	18,077
401,41	18,090
401,62	18,077
401,82	18,047
402,03	18,067
402,24	18,081
402,45	18,156
402,65	18,067
402,86	17,969
403,07	17,843
403,28	17,759
403,48	17,614
403,69	17,496
403,90	17,467
404,10	17,485
404,31	17,445
404,52	17,408
404,73	17,419
404,93	17,543
405,14	17,633
405,35	17,727
405,56	17,883
405,76	18,028
405,97	18,144
406,18	18,258
406,38	18,266
406,59	18,287
406,80	18,371
407,01	18,366
407,21	18,284
407,42	18,208
407,63	18,190
407,83	18,083
408,04	18,104
408,25	18,086
408,46	18,023
408,66	18,022
408,87	18,054
409,08	18,020
409,28	18,010
409,49	18,058
409,70	18,193
409,90	18,186
410,11	18,169
410,32	18,132
410,52	18,212
410,73	18,214
410,94	18,173
411,15	18,146
411,35	18,095
411,56	18,081
411,77	18,067
411,97	18,052
412,18	18,052
412,39	18,010
412,59	18,029
412,80	18,084
413,01	18,090
413,21	18,206
413,42	18,246
413,63	18,256
413,83	18,258
414,04	18,304
414,25	18,304
414,45	18,360
414,66	18,462
414,87	18,462
415,07	18,375
415,28	18,390
415,49	18,365
415,69	18,374
415,90	18,361
416,11	18,373
416,31	18,365
416,52	18,292
416,73	18,230
416,93	18,301
417,14	18,325
417,35	18,343
417,55	18,371
417,76	18,371
417,97	18,401
418,17	18,540
418,38	18,528
418,59	18,498
418,79	18,557
419,00	18,585
419,20	18,440
419,41	18,398
419,62	18,377
419,82	18,375
420,03	18,332
420,24	18,313
420,44	18,293
420,65	18,359
420,86	18,392
421,06	18,399
421,27	18,440
421,47	18,522
421,68	18,524
421,89	18,544
422,09	18,610
422,30	18,618
422,51	18,614
422,71	18,566
422,92	18,531
423,12	18,538
423,33	18,517
423,54	18,502
423,74	18,477
423,95	18,511
424,16	18,554
424,36	18,501
424,57	18,519
424,77	18,531
424,98	18,593
425,19	18,621
425,39	18,662
425,60	18,680
425,80	18,667
426,01	18,686
426,22	18,740
426,42	18,716
426,63	18,778
426,83	18,823
427,04	18,836
427,25	18,794
427,45	18,972
427,66	18,943
427,86	18,971
428,07	18,985
428,27	19,064
428,48	19,015
428,69	18,986
428,89	18,934
429,10	18,946
429,30	18,982
429,51	18,989
429,72	18,829
429,92	18,790
430,13	18,772
430,33	18,766
430,54	18,702
430,74	18,732
430,95	18,784
431,16	18,758
431,36	18,717
431,57	18,595
431,77	18,640
431,98	18,631
432,18	18,674
432,39	18,715
432,60	18,793
432,80	18,795
433,01	18,799
433,21	18,815
433,42	18,890
433,62	18,893
433,83	18,926
434,03	18,740
434,24	18,583
434,45	18,285
434,65	17,999
434,86	17,658
435,06	17,588
435,27	17,398
435,47	17,248
435,68	17,175
435,88	17,179
436,09	17,240
436,29	17,371
436,50	17,573
436,71	17,939
436,91	18,240
437,12	18,615
437,32	18,730
437,53	19,009
437,73	19,236
437,94	19,312
438,14	19,373
438,35	19,439
438,55	19,492
438,76	19,468
438,96	19,459
439,17	19,499
439,37	19,484
439,58	19,534
439,78	19,461
439,99	19,379
440,19	19,307
440,40	19,321
440,60	19,264
440,81	19,303
441,02	19,351
441,22	19,413
441,43	19,402
441,63	19,395
441,84	19,337
442,04	19,447
442,25	19,472
442,45	19,520
442,66	19,493
442,86	19,575
443,07	19,536
443,27	19,643
443,48	19,678
443,68	19,766
443,89	19,837
444,09	19,957
444,30	19,945
444,50	19,982
444,70	19,983
444,91	20,071
445,11	20,100
445,32	20,173
445,52	20,120
445,73	19,863
445,93	19,613
446,14	19,637
446,34	19,522
446,55	19,529
446,75	19,580
446,96	19,723
447,16	19,742
447,37	19,638
447,57	19,654
447,78	19,738
447,98	19,915
448,19	20,237
448,39	20,144
448,60	20,234
448,80	20,140
449,00	20,087
449,21	20,077
449,41	20,069
449,62	20,140
449,82	20,151
450,03	20,088
450,23	20,297
450,44	20,127
450,64	20,286
450,85	20,409
451,05	20,572
451,25	20,594
451,46	20,654
451,66	20,141
451,87	20,268
452,07	20,232
452,28	20,204
452,48	20,199
452,69	20,376
452,89	20,316
453,09	20,237
453,30	20,191
453,50	20,260
453,71	20,265
453,91	20,792
454,12	20,760
454,32	20,848
454,52	20,922
454,73	20,849
454,93	20,807
455,14	20,745
455,34	20,683
455,55	20,700
455,75	20,761
455,95	20,647
456,16	20,661
456,36	20,556
456,57	20,458
456,77	20,434
456,98	20,419
457,18	20,331
457,38	20,377
457,59	20,454
457,79	20,432
458,00	20,325
458,20	20,412
458,40	20,380
458,61	20,430
458,81	20,496
459,02	20,472
459,22	20,470
459,42	20,579
459,63	20,573
459,83	20,485
460,04	20,569
460,24	20,580
460,44	20,613
460,65	20,573
460,85	20,569
461,06	20,606
461,26	20,703
461,46	20,757
461,67	20,839
461,87	20,783
462,07	20,825
462,28	20,741
462,48	20,724
462,69	20,680
462,89	20,771
463,09	20,795
463,30	20,705
463,50	20,561
463,70	20,467
463,91	20,367
464,11	20,431
464,32	20,404
464,52	20,418
464,72	20,423
464,93	20,326
465,13	20,205
465,33	20,180
465,54	20,175
465,74	20,229
465,94	20,289
466,15	20,325
466,35	20,291
466,55	20,348
466,76	20,299
466,96	20,306
467,17	20,371
467,37	20,425
467,57	20,443
467,78	20,484
467,98	20,418
468,18	20,372
468,39	20,351
468,59	20,442
468,79	20,419
469,00	20,458
469,20	20,451
469,40	20,427
469,61	20,388
469,81	20,420
470,01	20,416
470,22	20,423
470,42	20,473
470,62	20,410
470,83	20,350
471,03	20,330
471,23	20,282
471,44	20,280
471,64	20,297
471,84	20,354
472,05	20,345
472,25	20,364
472,45	20,425
472,65	20,359
472,86	20,419
473,06	20,470
473,26	20,346
473,47	20,411
473,67	20,467
473,87	20,509
474,08	20,502
474,28	20,477
474,48	20,447
474,69	20,447
474,89	20,481
475,09	20,459
475,29	20,407
475,50	20,572
475,70	20,551
475,90	20,543
476,11	20,477
476,31	20,545
476,51	20,564
476,72	20,593
476,92	20,600
477,12	20,591
477,32	20,556
477,53	20,539
477,73	20,560
477,93	20,571
478,14	20,511
478,34	20,484
478,54	20,399
478,74	20,339
478,95	20,289
479,15	20,271
479,35	20,265
479,55	20,337
479,76	20,346
479,96	20,324
480,16	20,272
480,37	20,311
480,57	20,352
480,77	20,356
480,97	20,355
481,18	20,390
481,38	20,434
481,58	20,428
481,78	20,373
481,99	20,380
482,19	20,367
482,39	20,412
482,59	20,401
482,80	20,365
483,00	20,393
483,20	20,415
483,40	20,588
483,61	20,554
483,81	20,572
484,01	20,587
484,21	20,570
484,42	20,555
484,62	20,514
484,82	20,520
485,02	20,562
485,23	20,536
485,43	20,574
485,63	20,410
485,83	20,387
486,03	20,419
486,24	20,511
486,44	20,512
486,64	20,526
486,84	20,605
487,05	20,599
487,25	20,612
487,45	20,661
487,65	20,650
487,85	20,665
488,06	20,652
488,26	20,677
488,46	20,541
488,66	20,525
488,87	20,509
489,07	20,573
489,27	20,580
489,47	20,578
489,67	20,601
489,88	20,580
490,08	20,500
490,28	20,502
490,48	20,402
490,68	20,427
490,89	20,487
491,09	20,487
491,29	20,376
491,49	20,378
491,69	20,392
491,90	20,258
492,10	20,340
492,30	20,427
492,50	20,439
492,70	20,516
492,90	20,471
493,11	20,485
493,31	20,520
493,51	20,516
493,71	20,498
493,91	20,470
494,12	20,533
494,32	20,459
494,52	20,430
494,72	20,492
494,92	20,475
495,12	20,552
495,33	20,449
495,53	20,443
495,73	20,455
495,93	20,452
496,13	20,488
496,33	20,569
496,54	20,579
496,74	20,564
496,94	20,543
497,14	20,547
497,34	20,533
497,54	20,594
497,75	20,608
497,95	20,603
498,15	20,661
498,35	20,657
498,55	20,566
498,75	20,579
498,95	20,647
499,16	20,684
499,36	20,651
499,56	20,637
499,76	20,724
499,96	20,673
500,16	20,706
500,36	20,698
500,57	20,641
500,77	20,790
500,97	20,784
501,17	20,743
501,37	20,757
501,57	20,740
501,77	20,808
501,97	20,709
502,18	20,735
502,38	20,681
502,58	20,627
502,78	20,731
502,98	20,556
503,18	20,544
503,38	20,559
503,58	20,540
503,79	20,579
503,99	20,530
504,19	20,588
504,39	20,607
504,59	20,681
504,79	20,693
504,99	20,686
505,19	20,712
505,39	20,743
505,59	20,617
505,80	20,533
506,00	20,579
506,20	20,673
506,40	20,625
506,60	20,648
506,80	20,686
507,00	20,722
507,20	20,706
507,40	20,762
507,60	20,795
507,81	20,968
508,01	21,063
508,21	21,092
508,41	21,050
508,61	21,138
508,81	21,111
509,01	21,070
509,21	21,096
509,41	21,099
509,61	21,088
509,81	21,094
510,01	21,111
510,21	21,104
510,42	21,016
510,62	21,037
510,82	20,996
511,02	21,052
511,22	21,084
511,42	21,074
511,62	20,968
511,82	20,928
512,02	20,908
512,22	20,862
512,42	20,838
512,62	20,908
512,82	20,909
513,02	20,916
513,22	20,830
513,42	20,770
513,62	20,820
513,83	20,956
514,03	20,997
514,23	20,975
514,43	20,952
514,63	20,955
514,83	20,940
515,03	20,942
515,23	20,884
515,43	20,913
515,63	20,886
515,83	20,848
516,03	20,770
516,23	20,816
516,43	20,815
516,63	20,862
516,83	20,879
517,03	20,908
517,23	21,002
517,43	20,943
517,63	20,997
517,83	21,020
518,03	20,978
518,23	21,049
518,43	21,032
518,63	21,036
518,83	21,055
519,03	21,040
519,23	21,024
519,43	20,922
519,63	21,030
519,83	21,029
520,03	21,042
520,23	21,151
520,43	21,235
520,63	21,300
520,83	21,284
521,03	21,218
521,23	21,224
521,43	21,156
521,63	21,131
521,83	21,164
522,03	21,119
522,23	21,108
522,43	21,106
522,63	21,033
522,83	20,971
523,03	21,003
523,23	21,023
523,43	21,048
523,63	21,177
523,83	21,219
524,03	21,312
524,23	21,364
524,43	21,375
524,63	21,362
524,83	21,286
525,03	21,279
525,23	21,259
525,43	21,219
525,63	21,221
525,83	21,199
526,03	21,259
526,23	21,172
526,43	21,218
526,63	21,227
526,83	21,231
527,03	21,321
527,23	21,335
527,43	21,332
527,63	21,392
527,83	21,475
528,02	21,505
528,22	21,418
528,42	21,367
528,62	21,278
528,82	21,256
529,02	21,262
529,22	21,264
529,42	21,313
529,62	21,325
529,82	21,352
530,02	21,306
530,22	21,267
530,42	21,277
530,62	21,325
530,82	21,328
531,02	21,402
531,22	21,346
531,41	21,343
531,61	21,247
531,81	21,185
532,01	21,147
532,21	21,117
532,41	21,078
532,61	21,122
532,81	21,128
533,01	21,126
533,21	21,024
533,41	21,052
533,61	20,958
533,80	20,957
534,00	21,043
534,20	21,037
534,40	20,953
534,60	20,928
534,80	20,929
535,00	20,882
535,20	20,879
535,40	20,937
535,60	20,943
535,80	21,028
535,99	21,043
536,19	20,992
536,39	21,013
536,59	21,107
536,79	21,130
536,99	21,107
537,19	21,132
537,39	21,114
537,59	21,128
537,78	21,110
537,98	21,059
538,18	21,025
538,38	21,028
538,58	21,023
538,78	21,003
538,98	21,010
539,18	21,017
539,37	21,046
539,57	21,129
539,77	21,125
539,97	21,101
540,17	21,190
540,37	21,156
540,57	21,215
540,77	21,235
540,96	21,190
541,16	21,114
541,36	21,088
541,56	21,016
541,76	20,984
541,96	20,959
542,16	20,968
542,35	20,904
542,55	20,975
542,75	20,926
542,95	20,937
543,15	21,015
543,35	21,076
543,55	21,071
543,74	21,159
543,94	21,064
544,14	20,988
544,34	20,882
544,54	20,628
544,74	20,270
544,93	19,981
545,13	19,661
545,33	19,364
545,53	19,134
545,73	18,992
545,93	18,756
546,12	18,672
546,32	18,589
546,52	18,650
546,72	18,848
546,92	19,204
547,11	19,460
547,31	19,759
547,51	20,029
547,71	20,261
547,91	20,372
548,11	20,512
548,30	20,681
548,50	20,837
548,70	20,842
548,90	20,921
549,10	20,913
549,29	21,046
549,49	21,067
549,69	21,097
549,89	21,152
550,09	21,118
550,28	21,162
550,48	21,179
550,68	21,190
550,88	21,176
551,08	21,111
551,27	21,065
551,47	20,942
551,67	20,976
551,87	20,939
552,07	20,728
552,26	20,758
552,46	20,729
552,66	20,685
552,86	20,681
553,05	20,652
553,25	20,661
553,45	20,688
553,65	20,774
553,85	20,732
554,04	20,678
554,24	20,818
554,44	20,843
554,64	20,799
554,83	20,818
555,03	20,783
555,23	20,753
555,43	20,786
555,62	20,789
555,82	20,697
556,02	20,659
556,22	20,711
556,41	20,780
556,61	20,730
556,81	20,770
557,01	20,771
557,21	20,759
557,40	20,755
557,60	20,738
557,80	20,696
557,99	20,679
558,19	20,677
558,39	20,752
558,59	20,708
558,78	20,793
558,98	20,778
559,18	20,763
559,38	20,763
559,57	20,842
559,77	20,825
559,97	20,811
560,17	20,861
560,36	20,867
560,56	20,805
560,76	20,767
560,95	20,685
561,15	20,761
561,35	20,715
561,55	20,751
561,74	20,704
561,94	20,671
562,14	20,702
562,34	20,718
562,53	20,700
562,73	20,676
562,93	20,631
563,12	20,646
563,32	20,594
563,52	20,623
563,71	20,593
563,91	20,583
564,11	20,583
564,31	20,579
564,50	20,593
564,70	20,591
564,90	20,595
565,09	20,653
565,29	20,716
565,49	20,668
565,68	20,639
565,88	20,645
566,08	20,647
566,27	20,790
566,47	20,800
566,67	20,726
566,87	20,776
567,06	20,857
567,26	20,817
567,46	20,725
567,65	20,764
567,85	20,850
568,05	20,879
568,24	20,882
568,44	20,722
568,64	20,772
568,83	20,757
569,03	20,733
569,23	20,615
569,42	20,606
569,62	20,606
569,82	20,651
570,01	20,603
570,21	20,521
570,41	20,547
570,60	20,559
570,80	20,532
571,00	20,624
571,19	20,615
571,39	20,647
571,58	20,725
571,78	20,800
571,98	20,739
572,17	20,720
572,37	20,714
572,57	20,706
572,76	20,649
572,96	20,646
573,16	20,594
573,35	20,583
573,55	20,519
573,74	20,482
573,94	20,350
574,14	20,405
574,33	20,345
574,53	20,392
574,73	20,363
574,92	20,436
575,12	20,277
575,32	20,306
575,51	20,296
575,71	20,303
575,90	20,262
576,10	20,204
576,30	20,109
576,49	20,172
576,69	20,132
576,88	20,108
577,08	20,012
577,28	20,062
577,47	19,942
577,67	19,923
577,86	19,892
578,06	19,912
578,26	20,012
578,45	20,304
578,65	20,205
578,84	20,216
579,04	20,191
579,24	20,196
579,43	20,193
579,63	20,321
579,82	20,392
580,02	20,393
580,22	20,409
580,41	20,397
580,61	20,137
580,80	20,256
581,00	20,319
581,19	20,320
581,39	20,385
581,59	20,443
581,78	20,377
581,98	20,234
582,17	20,325
582,37	20,293
582,56	20,345
582,76	20,399
582,96	20,336
583,15	20,310
583,35	20,416
583,54	20,425
583,74	20,442
583,93	20,413
584,13	20,509
584,33	20,419
584,52	20,430
584,72	20,359
584,91	20,253
585,11	20,309
585,30	20,268
585,50	20,262
585,69	20,240
585,89	20,209
586,08	20,212
586,28	20,214
586,48	20,215
586,67	20,232
586,87	20,328
587,06	20,337
587,26	20,294
587,45	20,292
587,65	20,230
587,84	20,251
588,04	20,318
588,23	20,421
588,43	20,401
588,62	20,437
588,82	20,385
589,01	20,343
589,21	20,477
589,40	20,496
589,60	20,540
589,79	20,591
589,99	20,537
590,19	20,496
590,38	20,401
590,58	20,470
590,77	20,487
590,97	20,554
591,16	20,563
591,36	20,459
591,55	20,459
591,75	20,428
591,94	20,395
592,14	20,431
592,33	20,377
592,53	20,377
592,72	20,332
592,92	20,299
593,11	20,294
593,31	20,305
593,50	20,396
593,69	20,410
593,89	20,390
594,08	20,378
594,28	20,427
594,47	20,487
594,67	20,528
594,86	20,565
595,06	20,569
595,25	20,545
595,45	20,492
595,64	20,454
595,84	20,517
596,03	20,569
596,23	20,580
596,42	20,493
596,62	20,492
596,81	20,461
597,01	20,432
597,20	20,477
597,39	20,486
597,59	20,496
597,78	20,429
597,98	20,307
598,17	20,339
598,37	20,344
598,56	20,415
598,76	20,405
598,95	20,455
599,15	20,428
599,34	20,393
599,53	20,371
599,73	20,333
599,92	20,320
600,12	20,440
600,31	20,382
600,51	20,381
600,70	20,359
600,89	20,367
601,09	20,348
601,28	20,429
601,48	20,440
601,67	20,466
601,87	20,518
602,06	20,600
602,25	20,490
602,45	20,491
602,64	20,523
602,84	20,505
603,03	20,497
603,23	20,459
603,42	20,400
603,61	20,335
603,81	20,332
604,00	20,354
604,20	20,304
604,39	20,358
604,58	20,365
604,78	20,309
604,97	20,270
605,17	20,300
605,36	20,362
605,55	20,357
605,75	20,429
605,94	20,423
606,14	20,397
606,33	20,368
606,52	20,383
606,72	20,373
606,91	20,353
607,11	20,430
607,30	20,388
607,49	20,394
607,69	20,392
607,88	20,400
608,07	20,394
608,27	20,380
608,46	20,446
608,66	20,400
608,85	20,403
609,04	20,455
609,24	20,429
609,43	20,421
609,62	20,383
609,82	20,360
610,01	20,338
610,21	20,342
610,40	20,350
610,59	20,325
610,79	20,372
610,98	20,384
611,17	20,434
611,37	20,454
611,56	20,471
611,75	20,464
611,95	20,453
612,14	20,431
612,33	20,465
612,53	20,473
612,72	20,471
612,91	20,407
613,11	20,365
613,30	20,311
613,49	20,175
613,69	20,134
613,88	20,146
614,07	20,122
614,27	20,117
614,46	20,078
614,65	20,130
614,85	20,126
615,04	20,177
615,23	20,204
615,43	20,141
615,62	20,290
615,81	20,358
616,01	20,368
616,20	20,410
616,39	20,449
616,59	20,419
616,78	20,380
616,97	20,359
617,17	20,351
617,36	20,343
617,55	20,416
617,75	20,397
617,94	20,431
618,13	20,477
618,32	20,511
618,52	20,504
618,71	20,619
618,90	20,579
619,10	20,613
619,29	20,578
619,48	20,642
619,67	20,572
619,87	20,590
620,06	20,486
620,25	20,460
620,45	20,411
620,64	20,411
620,83	20,299
621,02	20,329
621,22	20,303
621,41	20,269
621,60	20,254
621,80	20,319
621,99	20,255
622,18	20,289
622,37	20,290
622,57	20,257
622,76	20,304
622,95	20,343
623,14	20,344
623,34	20,381
623,53	20,508
623,72	20,498
623,92	20,467
624,11	20,512
624,30	20,528
624,49	20,503
624,69	20,543
624,88	20,456
625,07	20,441
625,26	20,509
625,46	20,549
625,65	20,450
625,84	20,427
626,03	20,433
626,23	20,433
626,42	20,453
626,61	20,409
626,80	20,457
626,99	20,507
627,19	20,497
627,38	20,434
627,57	20,373
627,76	20,386
627,96	20,381
628,15	20,377
628,34	20,356
628,53	20,347
628,72	20,403
628,92	20,388
629,11	20,459
629,30	20,529
629,49	20,526
629,69	20,519
629,88	20,571
630,07	20,665
630,26	20,706
630,45	20,723
630,65	20,721
630,84	20,696
631,03	20,751
631,22	20,723
631,41	20,695
631,61	20,699
631,80	20,747
631,99	20,776
632,18	20,677
632,37	20,631
632,57	20,890
632,76	20,905
632,95	20,855
633,14	20,747
633,33	20,727
633,53	20,704
633,72	20,730
633,91	20,691
634,10	20,615
634,29	20,639
634,48	20,703
634,68	20,443
634,87	20,410
635,06	20,457
635,25	20,443
635,44	20,352
635,63	20,308
635,83	20,291
636,02	20,352
636,21	20,383
636,40	20,347
636,59	20,289
636,78	20,310
636,98	20,319
637,17	20,311
637,36	20,375
637,55	20,428
637,74	20,513
637,93	20,489
638,13	20,398
638,32	20,423
638,51	20,422
638,70	20,459
638,89	20,460
639,08	20,457
639,27	20,544
639,47	20,550
639,66	20,615
639,85	20,644
640,04	20,681
640,23	20,738
640,42	20,684
640,61	20,685
640,80	20,761
641,00	20,744
641,19	20,749
641,38	20,735
641,57	20,711
641,76	20,672
641,95	20,586
642,14	20,568
642,33	20,559
642,52	20,598
642,72	20,749
642,91	20,629
643,10	20,602
643,29	20,593
643,48	20,553
643,67	20,610
643,86	20,596
644,05	20,632
644,24	20,481
644,44	20,413
644,63	20,350
644,82	20,248
645,01	20,306
645,20	20,266
645,39	20,298
645,58	20,312
645,77	20,267
645,96	20,285
646,15	20,343
646,34	20,435
646,54	20,499
646,73	20,571
646,92	20,482
647,11	20,479
647,30	20,564
647,49	20,513
647,68	20,507
647,87	20,483
648,06	20,509
648,25	20,465
648,44	20,529
648,63	20,539
648,82	20,486
649,01	20,570
649,21	20,562
649,40	20,599
649,59	20,621
649,78	20,658
649,97	20,689
650,16	20,658
650,35	20,659
650,54	20,662
650,73	20,657
650,92	20,722
651,11	20,743
651,30	20,779
651,49	20,825
651,68	20,880
651,87	20,877
652,06	20,896
652,25	20,943
652,44	20,972
652,63	20,948
652,82	21,006
653,01	20,963
653,20	20,996
653,39	21,011
653,58	20,967
653,78	20,914
653,97	20,850
654,16	20,837
654,35	20,821
654,54	20,791
654,73	20,789
654,92	20,743
655,11	20,720
655,30	20,630
655,49	20,524
655,68	20,498
655,87	20,576
656,06	20,604
656,25	20,579
656,44	20,459
656,63	20,489
656,82	20,560
657,01	20,620
657,20	20,656
657,39	20,679
657,58	20,704
657,77	20,757
657,96	20,723
658,15	20,720
658,34	20,811
658,53	20,956
658,72	20,954
658,91	20,897
659,10	20,784
659,29	20,743
659,48	20,781
659,66	20,813
659,85	20,786
660,04	20,780
660,23	20,803
660,42	20,802
660,61	20,753
660,80	20,718
660,99	20,770
661,18	20,890
661,37	20,910
661,56	20,903
661,75	20,940
661,94	20,905
662,13	20,896
662,32	20,913
662,51	20,872
662,70	20,922
662,89	20,992
663,08	21,012
663,27	20,973
663,46	21,019
663,65	20,996
663,84	20,961
664,03	20,997
664,21	21,029
664,40	21,106
664,59	21,092
664,78	21,068
664,97	21,048
665,16	21,145
665,35	21,135
665,54	21,147
665,73	21,169
665,92	21,277
666,11	21,279
666,30	21,293
666,49	21,264
666,68	21,361
666,86	21,388
667,05	21,323
667,24	21,190
667,43	21,237
667,62	21,259
667,81	21,295
668,00	21,216
668,19	21,164
668,38	21,169
668,57	21,173
668,76	21,162
668,94	21,243
669,13	21,307
669,32	21,395
669,51	21,325
669,70	21,304
669,89	21,235
670,08	21,271
670,27	21,404
670,46	21,396
670,65	21,412
670,83	21,376
671,02	21,301
671,21	21,242
671,40	21,199
671,59	21,261
671,78	21,299
671,97	21,380
672,16	21,365
672,34	21,278
672,53	21,284
672,72	21,285
672,91	21,221
673,10	21,228
673,29	21,279
673,48	21,233
673,67	21,231
673,85	21,206
674,04	21,184
674,23	21,199
674,42	21,223
674,61	21,194
674,80	21,118
674,99	21,192
675,17	21,209
675,36	21,281
675,55	21,347
675,74	21,320
675,93	21,378
676,12	21,413
676,30	21,425
676,49	21,414
676,68	21,454
676,87	21,539
677,06	21,588
677,25	21,662
677,43	21,591
677,62	21,592
677,81	21,600
678,00	21,554
678,19	21,587
678,38	21,587
678,56	21,589
678,75	21,542
678,94	21,464
679,13	21,361
679,32	21,292
679,50	21,316
679,69	21,338
679,88	21,387
680,07	21,359
680,26	21,338
680,45	21,321
680,63	21,395
680,82	21,367
681,01	21,411
681,20	21,462
681,39	21,460
681,57	21,427
681,76	21,400
681,95	21,403
682,14	21,425
682,33	21,401
682,51	21,454
682,70	21,763
682,89	21,853
683,08	21,889
683,26	21,879
683,45	21,904
683,64	21,957
683,83	21,941
684,02	21,873
684,20	21,940
684,39	22,019
684,58	21,938
684,77	21,538
684,95	21,519
685,14	21,446
685,33	21,452
685,52	21,466
685,71	21,463
685,89	21,465
686,08	21,495
686,27	21,437
686,46	21,413
686,64	21,448
686,83	21,506
687,02	21,579
687,21	21,653
687,39	21,706
687,58	21,710
687,77	21,704
687,96	21,762
688,14	21,835
688,33	21,885
688,52	21,907
688,70	21,978
688,89	21,915
689,08	21,915
689,27	21,869
689,45	21,867
689,64	21,871
689,83	21,933
690,02	21,913
690,20	21,893
690,39	21,880
690,58	21,878
690,77	21,847
690,95	21,864
691,14	21,865
691,33	21,933
691,51	21,946
691,70	21,921
691,89	21,878
692,08	21,901
692,26	21,858
692,45	21,853
692,64	21,813
692,82	21,900
693,01	21,969
693,20	21,990
693,38	22,008
693,57	21,983
693,76	21,980
693,95	22,004
694,13	21,987
694,32	22,070
694,51	22,076
694,69	22,127
694,88	21,970
695,07	21,920
695,25	21,777
695,44	21,626
695,63	21,663
695,81	21,648
696,00	21,603
696,19	21,662
696,37	21,613
696,56	21,594
696,75	21,561
696,93	21,605
697,12	21,675
697,31	21,816
697,49	21,901
697,68	21,910
697,87	22,012
698,05	22,031
698,24	21,993
698,43	22,002
698,61	22,129
698,80	22,151
698,99	22,212
699,17	22,219
699,36	22,188
699,55	22,288
699,73	22,324
699,92	22,341
700,11	22,378
700,29	22,381
700,48	22,395
700,66	22,338
700,85	22,368
701,04	22,376
701,22	22,346
701,41	22,331
701,60	22,240
701,78	22,235
701,97	22,202
702,16	22,191
702,34	22,202
702,53	22,239
702,71	22,264
702,90	22,243
703,09	22,241
703,27	22,268
703,46	22,311
703,64	22,254
703,83	22,209
704,02	22,212
704,20	22,265
704,39	22,274
704,57	22,269
704,76	22,258
704,95	22,257
705,13	22,225
705,32	22,229
705,50	22,258
705,69	22,454
705,88	22,441
706,06	22,399
706,25	22,354
706,43	22,307
706,62	22,264
706,81	22,258
706,99	22,262
707,18	22,292
707,36	22,255
707,55	22,215
707,73	22,087
707,92	22,197
708,11	22,211
708,29	22,272
708,48	22,367
708,66	22,426
708,85	22,392
709,03	22,413
709,22	22,451
709,41	22,475
709,59	22,508
709,78	22,489
709,96	22,388
710,15	22,371
710,33	22,337
710,52	22,367
710,71	22,328
710,89	22,337
711,08	22,307
711,26	22,330
711,45	22,374
711,63	22,300
711,82	22,343
712,00	22,406
712,19	22,476
712,37	22,422
712,56	22,307
712,74	22,306
712,93	22,330
713,12	22,414
713,30	22,305
713,49	22,250
713,67	22,298
713,86	22,377
714,04	22,453
714,23	22,420
714,41	22,507
714,60	22,555
714,78	22,668
714,97	22,595
715,15	22,552
715,34	22,576
715,52	22,635
715,71	22,679
715,89	22,674
716,08	22,580
716,26	22,529
716,45	22,500
716,63	22,535
716,82	22,485
717,00	22,564
717,19	22,502
717,37	22,540
717,56	22,545
717,74	22,557
717,93	22,503
718,11	22,432
718,30	22,530
718,48	22,613
718,67	22,612
718,85	22,540
719,04	22,543
719,22	22,615
719,41	22,687
719,59	22,683
719,78	22,671
719,96	22,729
720,14	22,724
720,33	22,667
720,51	22,657
720,70	22,618
720,88	22,606
721,07	22,583
721,25	22,616
721,44	22,557
721,62	22,608
721,81	22,578
721,99	22,576
722,18	22,662
722,36	22,720
722,54	22,739
722,73	22,792
722,91	22,833
723,10	22,898
723,28	22,890
723,47	22,883
723,65	22,838
723,84	23,031
724,02	23,045
724,20	23,158
724,39	23,131
724,57	23,125
724,76	23,134
724,94	23,245
725,13	23,245
725,31	23,208
725,49	23,243
725,68	23,229
725,86	23,086
726,05	23,003
726,23	22,983
726,41	22,988
726,60	22,954
726,78	22,989
726,97	22,856
727,15	22,789
727,34	22,783
727,52	22,746
727,70	22,691
727,89	22,765
728,07	22,744
728,26	22,649
728,44	22,582
728,62	22,597
728,81	22,526
728,99	22,616
729,17	22,743
729,36	22,709
729,54	22,760
729,73	22,755
729,91	22,665
730,09	22,806
730,28	22,734
730,46	22,883
730,65	22,873
730,83	22,907
731,01	22,813
731,20	22,732
731,38	22,801
731,56	22,793
731,75	22,909
731,93	22,952
732,12	23,017
732,30	23,090
732,48	23,014
732,67	22,995
732,85	22,993
733,03	23,035
733,22	23,019
733,40	22,993
733,58	22,951
733,77	22,979
733,95	22,978
734,13	22,864
734,32	22,900
734,50	22,895
734,68	22,851
734,87	22,768
735,05	22,827
735,23	22,893
735,42	22,837
735,60	22,856
735,78	22,813
735,97	22,838
736,15	22,854
736,33	22,967
736,52	22,947
736,70	22,977
736,88	23,099
737,07	23,023
737,25	23,003
737,43	23,165
737,62	23,214
737,80	23,180
737,98	23,182
738,17	23,200
738,35	22,982
738,53	23,014
738,72	23,021
738,90	23,007
739,08	23,166
739,26	23,238
739,45	23,192
739,63	23,151
739,81	23,131
740,00	23,045
740,18	22,990
740,36	23,166
740,54	23,210
740,73	23,156
740,91	23,179
741,09	23,057
741,28	22,962
741,46	22,931
741,64	22,894
741,82	22,954
742,01	22,889
742,19	22,859
742,37	22,780
742,56	22,788
742,74	22,895
742,92	22,803
743,10	22,807
743,29	22,775
743,47	22,767
743,65	22,826
743,83	22,862
744,02	22,993
744,20	23,084
744,38	23,203
744,56	23,138
744,75	23,118
744,93	23,115
745,11	23,146
745,29	23,204
745,48	23,260
745,66	23,274
745,84	23,296
746,02	23,229
746,21	23,201
746,39	23,102
746,57	23,197
746,75	23,156
746,94	23,213
747,12	23,229
747,30	23,252
747,48	23,174
747,66	23,212
747,85	23,165
748,03	23,239
748,21	23,336
748,39	23,370
748,58	23,280
748,76	23,308
748,94	23,265
749,12	23,236
749,30	23,213
749,49	23,308
749,67	23,317
749,85	23,323
750,03	23,314
750,21	23,259
750,40	23,168
750,58	23,163
750,76	23,128
750,94	23,160
751,12	23,256
751,31	23,194
751,49	23,249
751,67	23,163
751,85	23,124
752,03	23,080
752,22	22,990
752,40	23,011
752,58	23,049
752,76	23,079
752,94	23,046
753,12	22,943
753,31	22,980
753,49	22,880
753,67	22,835
753,85	22,792
754,03	22,735
754,21	22,805
754,40	22,867
754,58	22,853
754,76	22,894
754,94	22,975
755,12	22,995
755,30	23,024
755,49	23,080
755,67	23,107
755,85	23,125
756,03	23,219
756,21	23,184
756,39	23,138
756,57	23,151
756,76	23,157
756,94	23,162
757,12	23,110
757,30	23,191
757,48	23,218
757,66	23,320
757,84	23,405
758,02	23,398
758,21	23,441
758,39	23,537
758,57	23,536
758,75	23,471
758,93	23,470
759,11	23,545
759,29	23,544
759,47	23,470
759,66	23,391
759,84	23,338
760,02	23,386
760,20	23,358
760,38	23,264
760,56	23,311
760,74	23,442
760,92	23,397
761,10	23,433
761,29	23,367
761,47	23,454
761,65	23,482
761,83	23,568
762,01	23,615
762,19	23,699
762,37	23,798
762,55	23,848
762,73	23,828
762,91	23,981
763,09	23,952
763,28	24,037
763,46	24,042
763,64	24,051
763,82	24,018
764,00	23,955
764,18	23,826
764,36	23,828
764,54	23,746
764,72	23,687
764,90	23,591
765,08	23,602
765,26	23,560
765,44	23,421
765,62	23,459
765,80	23,445
765,99	23,475
766,17	23,614
766,35	23,557
766,53	23,607
766,71	23,567
766,89	23,571
767,07	23,528
767,25	23,568
767,43	23,727
767,61	23,651
767,79	23,712
767,97	23,753
768,15	23,759
768,33	23,771
768,51	23,817
768,69	23,831
768,87	23,821
769,05	23,891
769,23	23,792
769,41	23,714
769,59	23,818
769,77	23,823
769,95	23,764
770,13	23,737
770,31	23,808
770,49	23,766
770,67	23,832
770,85	23,849
771,03	23,856
771,21	23,942
771,39	24,004
771,57	23,914
771,75	23,868
771,93	23,878
772,11	23,954
772,29	23,916
772,47	23,937
772,65	23,985
772,83	24,003
773,01	24,003
773,19	23,986
773,37	23,955
773,55	24,181
773,73	24,113
773,91	24,115
774,09	24,029
774,27	23,985
774,45	23,912
774,63	23,865
774,81	23,844
774,99	23,876
775,17	23,767
775,35	23,789
775,53	23,642
775,71	23,780
775,89	23,831
776,07	23,846
776,25	23,844
776,43	23,941
776,61	23,985
776,79	23,987
776,97	24,030
777,15	24,129
777,33	24,173
777,51	24,249
777,69	24,299
777,87	24,302
778,04	24,311
778,22	24,406
778,40	24,409
778,58	24,356
778,76	24,354
778,94	24,305
779,12	24,240
779,30	24,176
779,48	24,074
779,66	24,039
779,84	23,921
780,02	23,941
780,20	23,930
780,38	23,977
780,56	24,055
780,73	24,204
780,91	24,190
781,09	24,383
781,27	24,441
781,45	24,600
781,63	24,583
781,81	24,656
781,99	24,704
782,17	24,701
782,35	24,491
782,53	24,436
782,70	24,383
782,88	24,404
783,06	24,319
783,24	24,327
783,42	24,306
783,60	24,282
783,78	24,275
783,96	24,224
784,14	24,224
784,31	24,387
784,49	24,532
784,67	24,436
784,85	24,441
785,03	24,432
785,21	24,428
785,39	24,402
785,57	24,545
785,74	24,635
785,92	24,721
786,10	24,789
786,28	24,885
786,46	24,901
786,64	25,018
786,82	25,026
786,99	25,156
787,17	25,176
787,35	25,195
787,53	25,158
787,71	25,284
787,89	25,253
788,07	25,221
788,24	25,135
788,42	25,122
788,60	25,062
788,78	25,116
788,96	25,061
789,14	25,128
789,31	25,142
789,49	25,140
789,67	25,012
789,85	24,991
790,03	25,033
790,21	25,075
790,38	25,037
790,56	25,137
790,74	25,152
790,92	25,258
791,10	25,230
791,28	25,246
791,45	25,277
791,63	25,190
791,81	25,233
791,99	25,203
792,17	25,174
792,34	25,273
792,52	25,292
792,70	25,348
792,88	25,214
793,06	25,168
793,23	25,042
793,41	25,022
793,59	25,155
793,77	25,213
793,95	25,212
794,12	25,326
794,30	25,383
794,48	25,419
794,66	25,311
794,84	25,392
795,01	25,442
795,19	25,653
795,37	25,693
795,55	25,643
795,72	25,571
795,90	25,495
796,08	25,504
796,26	25,392
796,44	25,326
796,61	25,442
796,79	25,486
796,97	25,547
797,15	25,611
797,32	25,602
797,50	25,653
797,68	25,662
797,86	25,852
798,03	25,719
798,21	25,779
798,39	25,682
798,57	25,671
798,74	25,680
798,92	25,563
799,10	25,422
799,28	25,451
799,45	25,471
799,63	25,592
799,81	25,618
799,98	25,678
800,16	25,702
800,34	25,772
800,52	25,915
800,69	25,786
800,87	26,055
801,05	26,088
801,23	26,018
801,40	25,984
801,58	25,996
801,76	26,071
801,93	26,123
802,11	26,066
802,29	26,267
802,47	26,239
802,64	26,480
802,82	26,486
803,00	26,659
803,17	26,849
803,35	26,906
803,53	26,871
803,70	26,900
803,88	26,934
804,06	26,938
804,24	26,896
804,41	26,872
804,59	26,834
804,77	26,734
804,94	26,604
805,12	26,508
805,30	26,646
805,47	26,709
805,65	26,604
805,83	26,691
806,00	26,657
806,18	26,549
806,36	26,452
806,53	26,246
806,71	26,291
806,89	26,224
807,06	26,319
807,24	26,139
807,42	26,283
807,59	26,303
807,77	26,233
807,95	26,319
808,12	26,312
808,30	26,504
808,48	26,662
808,65	26,730
808,83	26,820
809,01	26,830
809,18	27,135
809,36	27,011
809,53	26,891
809,71	26,970
809,89	26,886
810,06	27,001
810,24	26,809
810,42	26,872
810,59	26,933
810,77	27,201
810,95	27,239
811,12	27,181
811,30	27,040
811,47	27,182
811,65	27,226
811,83	27,350
812,00	27,323
812,18	27,454
812,35	27,512
812,53	27,245
812,71	27,049
812,88	26,943
813,06	26,785
813,24	26,930
813,41	26,926
813,59	26,974
813,76	26,970
813,94	27,170
814,11	27,110
814,29	26,989
814,47	26,979
814,64	27,061
814,82	27,116
814,99	27,245
815,17	27,225
815,35	27,299
815,52	27,336
815,70	27,357
815,87	27,338
816,05	27,605
816,22	27,677
816,40	27,902
816,58	27,798
816,75	27,767
816,93	27,777
817,10	28,031
817,28	28,061
817,45	27,951
817,63	27,992
817,81	27,902
817,98	27,644
818,16	27,786
818,33	27,820
818,51	27,813
818,68	27,891
818,86	27,906
819,03	27,780
819,21	27,742
819,38	27,681
819,56	27,893
819,74	27,772
819,91	27,888
820,09	27,914
820,26	28,028
820,44	27,966
820,61	27,990
820,79	27,870
820,96	27,865
821,14	27,846
821,31	28,037
821,49	27,823
821,66	28,075
821,84	28,167
822,01	28,139
822,19	27,982
822,36	28,154
822,54	28,117
822,71	28,212
822,89	28,073
823,06	28,218
823,24	28,330
823,41	28,288
823,59	28,265
823,76	28,250
823,94	28,230
824,11	28,176
824,29	28,297
824,46	28,410
824,64	28,362
824,81	28,656
824,99	28,586
825,16	28,496
825,34	28,561
825,51	28,665
825,69	28,538
825,86	28,597
826,04	28,795
826,21	28,745
826,39	28,706
826,56	28,781
826,74	28,699
826,91	28,727
827,09	28,621
827,26	28,845
827,43	28,764
827,61	29,025
827,78	28,780
827,96	28,722
828,13	28,648
828,31	28,582
828,48	28,732
828,66	28,550
828,83	28,481
829,01	28,580
829,18	28,571
829,35	28,653
829,53	28,662
829,70	28,855
829,88	28,922
830,05	29,212
830,23	29,255
830,40	29,095
830,57	29,261
830,75	29,381
830,92	29,440
831,10	29,270
831,27	29,189
831,45	29,107
831,62	29,229
831,79	29,165
831,97	28,826
832,14	29,011
832,32	29,094
832,49	29,147
832,66	29,098
832,84	28,993
833,01	29,085
833,19	28,972
833,36	29,086
833,53	28,969
833,71	29,031
833,88	29,008
834,06	28,682
834,23	28,619
834,40	28,735
834,58	28,675
834,75	28,643
834,93	28,760
835,10	28,937
835,27	28,788
835,45	28,833
835,62	28,688
835,79	28,880
835,97	29,239
836,14	29,317
836,32	29,217
836,49	29,248
836,66	29,399
836,84	29,345
837,01	29,337
837,18	29,429
837,36	29,325
837,53	29,448
837,71	29,582
837,88	29,662
838,05	29,551
838,23	29,502
838,40	29,724
838,57	29,681
838,75	29,739
838,92	29,657
839,09	29,472
839,27	29,663
839,44	29,540
839,61	29,368
839,79	29,248
839,96	29,485
840,13	29,594
840,31	29,535
840,48	29,565
840,65	29,386
840,83	29,497
841,00	29,517
841,17	29,472
841,35	29,786
841,52	29,993
841,69	30,153
841,86	30,065
842,04	30,171
842,21	30,150
842,38	30,183
842,56	30,318
842,73	30,177
842,90	30,179
843,08	30,160
843,25	29,902
843,42	29,665
843,60	29,435
843,77	29,473
843,94	29,324
844,11	29,355
844,29	29,176
844,46	29,045
844,63	29,257
844,81	29,262
844,98	29,255
845,15	29,384
845,32	29,316
845,50	29,099
845,67	29,092
845,84	29,312
846,01	29,186
846,19	29,404
846,36	29,653
846,53	29,745
846,71	29,853
846,88	29,714
847,05	29,604
847,22	29,823
847,40	30,020
847,57	29,889
847,74	29,756
847,91	29,729
848,09	29,707
848,26	29,576
848,43	29,326
848,60	29,386
848,78	31,289
848,95	31,140
849,12	31,068
849,29	31,118
849,46	31,372
849,64	31,366
849,81	31,561
849,98	31,687
850,15	31,673
850,33	31,891
850,50	31,798
850,67	30,221
850,84	30,434
851,02	30,450
851,19	30,722
851,36	30,604
851,53	30,498
851,70	30,478
851,88	30,350
852,05	30,427
852,22	30,227
852,39	30,341
852,56	30,273
852,74	30,289
852,91	30,534
853,08	30,276
853,25	30,372
853,42	30,290
853,60	30,241
853,77	30,222
853,94	30,343
854,11	30,563
854,28	30,572
854,45	30,546
854,63	30,753
854,80	30,688
854,97	30,707
855,14	30,923
855,31	31,000
855,49	31,093
855,66	31,090
855,83	31,129
856,00	31,166
856,17	31,250
856,34	31,431
856,52	31,292
856,69	31,287
856,86	31,387
857,03	31,196
857,20	31,197
857,37	31,172
857,54	31,204
857,72	30,958
857,89	30,929
858,06	30,816
858,23	30,752
858,40	30,816
858,57	30,427
858,74	30,510
858,92	30,387
859,09	30,658
859,26	30,629
859,43	30,609
859,60	31,202
859,77	30,938
859,94	30,767
860,11	30,597
860,29	30,836
860,46	31,093
860,63	30,676
860,80	30,937
860,97	30,986
861,14	31,237
861,31	31,282
861,48	30,918
861,65	31,056
861,83	31,384
862,00	31,450
862,17	31,021
862,34	31,173
862,51	31,640
862,68	31,434
862,85	31,309
863,02	30,822
863,19	30,941
863,36	30,726
863,54	31,005
863,71	30,774
863,88	30,757
864,05	30,722
864,22	30,734
864,39	30,709
864,56	31,002
864,73	29,105
864,90	29,336
865,07	29,237
865,24	29,545
865,41	29,301
865,58	29,538
865,75	29,670
865,93	29,872
866,10	30,029
866,27	29,946
866,44	29,816
866,61	31,595
866,78	31,741
866,95	31,834
867,12	31,837
867,29	31,810
867,46	31,421
867,63	31,317
867,80	31,229
867,97	30,981
868,14	31,160
868,31	30,827
868,48	30,723
868,65	30,662
868,82	30,739
868,99	30,175
869,16	30,040
869,33	30,265
869,50	30,338
869,67	30,753
869,84	30,600
870,01	30,487
870,18	31,015
870,35	31,132
870,52	31,055
870,69	30,929
870,86	31,191
871,03	31,637
871,20	31,815
871,37	31,782
871,54	31,232
871,71	31,152
871,88	31,273
872,05	31,050
872,22	31,148
872,39	31,128
872,56	31,130
872,73	31,150
872,90	31,036
873,07	30,750
873,24	30,859
873,41	31,166
873,58	31,491
873,75	31,610
873,92	31,599
874,09	31,642
874,26	31,642
874,43	31,846
874,60	31,887
874,77	31,794
874,94	31,874
875,11	31,807
875,28	31,869
875,45	31,968
875,62	31,961
875,79	32,169
875,96	32,396
876,13	32,710
876,30	32,590
876,47	32,707
876,64	32,725
876,81	32,856
876,97	33,022
877,14	32,766
877,31	32,464
877,48	31,771
877,65	31,526
877,82	31,332
877,99	31,149
878,16	31,088
878,33	30,897
878,50	31,047
878,67	31,377
878,84	31,153
879,01	31,205
879,18	31,620
879,34	31,926
879,51	32,065
879,68	31,972
879,85	32,165
880,02	32,291
880,19	32,446
880,36	32,335
880,53	32,249
880,70	32,209
880,87	32,725
881,03	32,440
881,20	32,637
881,37	32,431
881,54	32,594
881,71	32,570
881,88	32,460
882,05	32,430
882,22	32,274
882,39	32,022
882,55	32,981
882,72	32,784
882,89	32,662
883,06	32,693
883,23	32,823
883,40	32,693
883,57	31,990
883,74	31,963
883,90	32,063
884,07	31,903
884,24	32,086
884,41	31,579
884,58	31,457
884,75	31,704
884,92	31,720
885,08	32,245
885,25	32,215
885,42	32,914
885,59	32,802
885,76	32,659
885,93	33,097
886,10	33,089
886,26	32,849
886,43	33,159
886,60	33,014
886,77	32,906
886,94	32,172
887,11	32,116
887,27	32,227
887,44	32,533
887,61	32,713
887,78	32,841
887,95	32,628
888,11	32,459
888,28	32,347
888,45	32,557
888,62	32,870
888,79	33,076
888,96	33,110
889,12	32,958
889,29	32,751
889,46	32,865
889,63	32,583
889,80	32,552
889,96	32,777
890,13	32,798
890,30	33,378
890,47	33,215
890,64	33,330
890,80	33,520
890,97	33,594
891,14	33,804
891,31	33,705
891,47	33,479
891,64	33,479
891,81	33,479
891,98	33,479
892,15	33,479
