177,28	120,202
177,50	120,202
177,72	120,202
177,94	72,477
178,16	107,736
178,37	91,663
178,59	88,801
178,81	85,896
179,03	84,342
179,25	88,296
179,47	84,991
179,69	82,524
179,90	75,772
180,12	73,690
180,34	68,714
180,56	71,153
180,78	67,329
181,00	66,294
181,22	66,813
181,43	65,454
181,65	63,164
181,87	62,928
182,09	61,559
182,31	60,313
182,53	59,454
182,74	60,230
182,96	57,491
183,18	58,114
183,40	59,519
183,62	56,768
183,84	58,083
184,05	58,837
184,27	56,315
184,49	57,672
184,71	57,939
184,93	58,065
185,15	55,629
185,36	57,006
185,58	57,014
185,80	54,518
186,02	55,089
186,24	54,863
186,45	53,855
186,67	54,235
186,89	54,743
187,11	54,994
187,33	55,983
187,55	56,865
187,76	58,041
187,98	58,872
188,20	60,501
188,42	61,069
188,64	60,978
188,85	59,234
189,07	59,315
189,29	58,874
189,51	59,334
189,73	57,257
189,94	58,518
190,16	56,783
190,38	54,765
190,60	55,577
190,82	53,956
191,03	53,149
191,25	53,616
191,47	54,087
191,69	52,665
191,91	51,590
192,12	53,542
192,34	51,888
192,56	50,837
192,78	51,959
193,00	49,877
193,21	50,564
193,43	48,458
193,65	49,463
193,87	48,501
194,09	52,332
194,30	53,264
194,52	53,320
194,74	53,268
194,96	55,669
195,17	54,138
195,39	54,950
195,61	54,661
195,83	55,863
196,05	56,374
196,26	55,370
196,48	53,937
196,70	54,226
196,92	53,925
197,13	54,391
197,35	52,755
197,57	54,301
197,79	52,922
198,01	52,786
198,22	52,280
198,44	52,346
198,66	54,374
198,88	52,129
199,09	51,217
199,31	50,320
199,53	49,265
199,75	49,079
199,96	49,144
200,18	48,468
200,40	48,550
200,62	47,607
200,83	47,077
201,05	44,124
201,27	44,574
201,49	44,355
201,70	47,330
201,92	46,018
202,14	46,647
202,36	46,159
202,57	48,412
202,79	48,079
203,01	49,119
203,23	48,567
203,44	51,679
203,66	54,477
203,88	53,783
204,10	53,430
204,31	55,286
204,53	54,498
204,75	53,185
204,97	53,198
205,18	54,426
205,40	53,461
205,62	53,784
205,84	52,640
206,05	50,187
206,27	51,765
206,49	50,651
206,71	50,582
206,92	51,871
207,14	52,159
207,36	50,225
207,57	47,407
207,79	48,892
208,01	45,483
208,23	45,239
208,44	46,715
208,66	44,716
208,88	44,026
209,10	44,220
209,31	41,734
209,53	42,067
209,75	42,660
209,96	43,758
210,18	42,654
210,40	44,091
210,62	43,901
210,83	42,536
211,05	42,771
211,27	42,036
211,48	39,401
211,70	38,755
211,92	37,400
212,14	35,962
212,35	34,222
212,57	33,649
212,79	34,101
213,00	32,403
213,22	31,448
213,44	30,523
213,65	29,115
213,87	29,003
214,09	28,118
214,31	26,393
214,52	25,545
214,74	25,103
214,96	22,849
215,17	21,130
215,39	19,719
215,61	18,784
215,82	17,814
216,04	17,093
216,26	16,173
216,47	16,195
216,69	15,662
216,91	15,388
217,13	14,533
217,34	14,491
217,56	14,358
217,78	14,454
217,99	14,344
218,21	14,200
218,43	13,933
218,64	13,898
218,86	13,586
219,08	13,549
219,29	13,581
219,51	13,774
219,73	13,902
219,94	13,822
220,16	13,840
220,38	13,626
220,59	13,553
220,81	13,591
221,03	13,665
221,24	13,510
221,46	13,538
221,68	13,329
221,89	13,291
222,11	13,272
222,33	13,123
222,54	12,828
222,76	12,862
222,98	12,679
223,19	12,494
223,41	12,420
223,63	12,309
223,84	12,193
224,06	12,127
224,28	11,921
224,49	11,868
224,71	11,972
224,93	12,097
225,14	12,046
225,36	12,117
225,57	12,187
225,79	11,995
226,01	12,059
226,22	12,152
226,44	12,068
226,66	12,241
226,87	12,148
227,09	11,988
227,31	11,903
227,52	11,849
227,74	11,859
227,96	11,886
228,17	11,859
228,39	11,823
228,60	11,759
228,82	11,677
229,04	11,579
229,25	11,579
229,47	11,542
229,69	11,516
229,90	11,456
230,12	11,457
230,33	11,299
230,55	11,377
230,77	11,355
230,98	11,353
231,20	11,456
231,42	11,487
231,63	11,406
231,85	11,369
232,06	11,397
232,28	11,472
232,50	11,353
232,71	11,390
232,93	11,350
233,15	11,393
233,36	11,328
233,58	11,332
233,79	11,216
234,01	11,240
234,23	11,246
234,44	11,188
234,66	11,097
234,87	11,107
235,09	11,112
235,31	11,043
235,52	10,974
235,74	10,947
235,95	10,858
236,17	10,854
236,39	10,734
236,60	10,686
236,82	10,599
237,03	10,548
237,25	10,591
237,47	10,615
237,68	10,586
237,90	10,549
238,11	10,563
238,33	10,547
238,55	10,525
238,76	10,495
238,98	10,497
239,19	10,505
239,41	10,540
239,62	10,463
239,84	10,383
240,06	10,405
240,27	10,372
240,49	10,259
240,70	10,273
240,92	10,297
241,13	10,398
241,35	10,420
241,57	10,423
241,78	10,362
242,00	10,360
242,21	10,383
242,43	10,352
242,64	10,337
242,86	10,327
243,08	10,349
243,29	10,345
243,51	10,259
243,72	10,242
243,94	10,264
244,15	10,257
244,37	10,192
244,59	10,115
244,80	10,098
245,02	10,134
245,23	10,224
245,45	10,187
245,66	10,156
245,88	10,155
246,09	10,155
246,31	10,167
246,53	10,192
246,74	10,167
246,96	10,198
247,17	10,201
247,39	10,146
247,60	10,125
247,82	10,101
248,03	10,093
248,25	10,084
248,46	10,046
248,68	9,990
248,90	9,965
249,11	10,054
249,33	10,038
249,54	10,006
249,76	10,022
249,97	10,002
250,19	10,008
250,40	9,986
250,62	9,971
250,83	9,979
251,05	10,006
251,26	10,005
251,48	9,979
251,69	9,975
251,91	10,049
252,13	10,051
252,34	10,046
252,56	10,079
252,77	10,084
252,99	10,135
253,20	10,153
253,42	10,166
253,63	10,177
253,85	10,153
254,06	10,192
254,28	10,164
254,49	10,141
254,71	10,141
254,92	10,091
255,14	10,084
255,35	10,125
255,57	10,109
255,78	10,092
256,00	10,082
256,21	10,078
256,43	10,046
256,64	10,055
256,86	10,068
257,07	10,033
257,29	10,044
257,50	10,080
257,72	10,039
257,93	10,064
258,15	10,032
258,36	10,080
258,58	10,077
258,79	10,100
259,01	10,062
259,22	10,050
259,44	10,057
259,65	10,073
259,87	10,071
260,08	10,053
260,30	10,061
260,51	10,101
260,73	10,055
260,94	10,056
261,16	10,073
261,37	10,088
261,59	10,113
261,80	10,141
262,02	10,139
262,23	10,128
262,45	10,172
262,66	10,187
262,87	10,167
263,09	10,197
263,30	10,252
263,52	10,298
263,73	10,315
263,95	10,351
264,16	10,370
264,38	10,382
264,59	10,439
264,81	10,417
265,02	10,393
265,24	10,430
265,45	10,441
265,67	10,419
265,88	10,354
266,09	10,385
266,31	10,363
266,52	10,352
266,74	10,356
266,95	10,327
267,17	10,340
267,38	10,362
267,60	10,351
267,81	10,360
268,03	10,381
268,24	10,413
268,45	10,433
268,67	10,447
268,88	10,468
269,10	10,490
269,31	10,495
269,53	10,503
269,74	10,496
269,96	10,547
270,17	10,551
270,38	10,561
270,60	10,576
270,81	10,579
271,03	10,592
271,24	10,633
271,46	10,628
271,67	10,660
271,88	10,677
272,10	10,747
272,31	10,721
272,53	10,759
272,74	10,742
272,96	10,774
273,17	10,752
273,38	10,758
273,60	10,744
273,81	10,755
274,03	10,791
274,24	10,808
274,46	10,775
274,67	10,804
274,88	10,766
275,10	10,829
275,31	10,818
275,53	10,828
275,74	10,821
275,95	10,825
276,17	10,844
276,38	10,798
276,60	10,814
276,81	10,809
277,02	10,807
277,24	10,838
277,45	10,821
277,67	10,817
277,88	10,817
278,09	10,843
278,31	10,855
278,52	10,885
278,74	10,872
278,95	10,869
279,16	10,884
279,38	10,882
279,59	10,856
279,81	10,849
280,02	10,838
280,23	10,845
280,45	10,863
280,66	10,860
280,88	10,819
281,09	10,878
281,30	10,849
281,52	10,872
281,73	10,884
281,94	10,907
282,16	10,927
282,37	10,972
282,59	10,957
282,80	10,921
283,01	10,934
283,23	10,917
283,44	10,887
283,65	10,919
283,87	10,900
284,08	10,902
284,30	10,908
284,51	10,922
284,72	10,863
284,94	10,869
285,15	10,879
285,36	10,869
285,58	10,874
285,79	10,895
286,01	10,887
286,22	10,868
286,43	10,890
286,65	10,920
286,86	10,876
287,07	10,928
287,29	10,962
287,50	10,972
287,71	10,975
287,93	11,032
288,14	11,040
288,35	11,055
288,57	11,083
288,78	11,049
288,99	11,032
289,21	11,066
289,42	11,044
289,63	11,041
289,85	11,035
290,06	11,057
290,28	11,025
290,49	11,001
290,70	10,979
290,92	10,969
291,13	10,987
291,34	10,987
291,56	10,997
291,77	11,023
291,98	11,015
292,20	11,039
292,41	11,010
292,62	10,997
292,84	11,027
293,05	11,061
293,26	11,074
293,47	11,063
293,69	11,067
293,90	11,032
294,11	11,001
294,33	11,017
294,54	10,997
294,75	11,015
294,97	11,056
295,18	11,048
295,39	11,016
295,61	10,979
295,82	10,983
296,03	10,988
296,25	11,016
296,46	11,014
296,67	10,987
296,89	10,986
297,10	10,979
297,31	10,961
297,52	10,941
297,74	10,956
297,95	11,012
298,16	11,000
298,38	11,001
298,59	11,011
298,80	11,008
299,02	11,024
299,23	11,043
299,44	11,059
299,65	11,051
299,87	11,061
300,08	11,052
300,29	11,029
300,51	11,059
300,72	11,080
300,93	11,090
301,14	11,096
301,36	11,070
301,57	11,070
301,78	11,061
302,00	11,055
302,21	11,058
302,42	11,052
302,63	11,057
302,85	11,073
303,06	11,054
303,27	11,025
303,49	11,042
303,70	11,049
303,91	11,044
304,12	11,016
304,34	11,037
304,55	11,037
304,76	11,054
304,97	11,045
305,19	11,015
305,40	11,008
305,61	11,003
305,82	10,999
306,04	11,002
306,25	11,012
306,46	11,045
306,68	11,020
306,89	11,012
307,10	10,988
307,31	10,968
307,53	10,950
307,74	10,919
307,95	10,924
308,16	10,885
308,38	10,878
308,59	10,861
308,80	10,836
309,01	10,840
309,23	10,823
309,44	10,820
309,65	10,806
309,86	10,809
310,07	10,809
310,29	10,794
310,50	10,813
310,71	10,843
310,92	10,829
311,14	10,810
311,35	10,817
311,56	10,810
311,77	10,821
311,99	10,874
312,20	10,843
312,41	10,828
312,62	10,817
312,84	10,814
313,05	10,773
313,26	10,720
313,47	10,742
313,68	10,711
313,90	10,713
314,11	10,686
314,32	10,634
314,53	10,659
314,75	10,663
314,96	10,666
315,17	10,655
315,38	10,674
315,59	10,707
315,81	10,647
316,02	10,634
316,23	10,615
316,44	10,598
316,65	10,570
316,87	10,551
317,08	10,528
317,29	10,503
317,50	10,509
317,71	10,464
317,93	10,458
318,14	10,464
318,35	10,443
318,56	10,449
318,77	10,448
318,99	10,474
319,20	10,439
319,41	10,430
319,62	10,443
319,83	10,415
320,05	10,427
320,26	10,405
320,47	10,391
320,68	10,380
320,89	10,365
321,11	10,391
321,32	10,397
321,53	10,387
321,74	10,391
321,95	10,359
322,16	10,358
322,38	10,346
322,59	10,336
322,80	10,304
323,01	10,312
323,22	10,283
323,43	10,208
323,65	10,152
323,86	10,166
324,07	10,135
324,28	10,122
324,49	10,089
324,70	10,051
324,92	10,051
325,13	10,061
325,34	10,062
325,55	10,061
325,76	10,080
325,97	10,040
326,19	10,013
326,40	10,026
326,61	10,038
326,82	10,061
327,03	10,075
327,24	10,061
327,46	10,068
327,67	10,038
327,88	10,043
328,09	10,009
328,30	10,048
328,51	10,047
328,72	10,012
328,94	9,988
329,15	9,977
329,36	9,947
329,57	9,908
329,78	9,902
329,99	9,930
330,20	9,897
330,42	9,940
330,63	9,909
330,84	9,890
331,05	9,888
331,26	9,890
331,47	9,873
331,68	9,876
331,89	9,868
332,11	9,884
332,32	9,867
332,53	9,853
332,74	9,817
332,95	9,810
333,16	9,809
333,37	9,851
333,58	9,811
333,80	9,799
334,01	9,802
334,22	9,809
334,43	9,775
334,64	9,755
334,85	9,739
335,06	9,756
335,27	9,794
335,48	9,792
335,70	9,736
335,91	9,737
336,12	9,705
336,33	9,702
336,54	9,751
336,75	9,760
336,96	9,746
337,17	9,758
337,38	9,730
337,59	9,699
337,81	9,695
338,02	9,723
338,23	9,720
338,44	9,724
338,65	9,737
338,86	9,712
339,07	9,714
339,28	9,691
339,49	9,735
339,70	9,716
339,91	9,721
340,13	9,716
340,34	9,715
340,55	9,747
340,76	9,758
340,97	9,749
341,18	9,766
341,39	9,753
341,60	9,792
341,81	9,767
342,02	9,802
342,23	9,829
342,44	9,852
342,65	9,880
342,87	9,906
343,08	9,935
343,29	9,946
343,50	9,895
343,71	9,915
343,92	9,912
344,13	9,931
344,34	9,956
344,55	9,977
344,76	9,987
344,97	10,011
345,18	9,984
345,39	9,988
345,60	10,027
345,81	10,079
346,02	10,087
346,23	10,112
346,45	10,118
346,66	10,162
346,87	10,121
347,08	10,139
347,29	10,127
347,50	10,171
347,71	10,206
347,92	10,197
348,13	10,202
348,34	10,242
348,55	10,244
348,76	10,277
348,97	10,202
349,18	10,227
349,39	10,264
349,60	10,276
349,81	10,308
350,02	10,287
350,23	10,319
350,44	10,434
350,65	10,421
350,86	10,442
351,07	10,447
351,28	10,504
351,49	10,523
351,70	10,471
351,91	10,489
352,12	10,477
352,33	10,541
352,55	10,563
352,76	10,489
352,97	10,537
353,18	10,541
353,39	10,573
353,60	10,623
353,81	10,672
354,02	10,757
354,23	10,802
354,44	10,825
354,65	10,801
354,86	10,846
355,07	10,872
355,28	10,932
355,49	10,993
355,70	10,992
355,91	11,063
356,12	11,099
356,33	11,096
356,54	11,094
356,75	11,136
356,96	11,197
357,17	11,216
357,38	11,235
357,59	11,252
357,80	11,297
358,01	11,349
358,22	11,342
358,43	11,435
358,64	11,512
358,85	11,546
359,05	11,599
359,26	11,692
359,47	11,753
359,68	11,831
359,89	11,835
360,10	11,867
360,31	11,937
360,52	11,976
360,73	11,974
360,94	12,019
361,15	12,088
361,36	12,127
361,57	12,159
361,78	12,188
361,99	12,255
362,20	12,386
362,41	12,461
362,62	12,501
362,83	12,569
363,04	12,612
363,25	12,661
363,46	12,715
363,67	12,739
363,88	12,789
364,09	12,845
364,30	12,875
364,51	12,876
364,72	12,904
364,93	12,949
365,13	12,946
365,34	13,012
365,55	13,055
365,76	13,127
365,97	13,181
366,18	13,189
366,39	13,214
366,60	13,311
366,81	13,373
367,02	13,408
367,23	13,491
367,44	13,573
367,65	13,623
367,86	13,653
368,07	13,689
368,28	13,744
368,49	13,833
368,69	13,932
368,90	13,980
369,11	14,065
369,32	14,178
369,53	14,253
369,74	14,409
369,95	14,477
370,16	14,608
370,37	14,687
370,58	14,838
370,79	14,935
371,00	15,015
371,21	15,091
371,41	15,111
371,62	15,184
371,83	15,230
372,04	15,293
372,25	15,373
372,46	15,420
372,67	15,494
372,88	15,566
373,09	15,657
373,30	15,747
373,51	15,832
373,71	15,996
373,92	16,093
374,13	16,236
374,34	16,268
374,55	16,381
374,76	16,510
374,97	16,616
375,18	16,709
375,39	16,791
375,59	16,896
375,80	16,982
376,01	17,078
376,22	17,198
376,43	17,304
376,64	17,435
376,85	17,538
377,06	17,609
377,27	17,718
377,47	17,859
377,68	17,991
377,89	18,099
378,10	18,220
378,31	18,321
378,52	18,462
378,73	18,587
378,94	18,684
379,14	18,802
379,35	18,973
379,56	19,086
379,77	19,167
379,98	19,309
380,19	19,458
380,40	19,652
380,61	19,823
380,81	19,924
381,02	20,058
381,23	20,232
381,44	20,472
381,65	20,653
381,86	20,850
382,07	20,990
382,27	21,134
382,48	21,305
382,69	21,450
382,90	21,655
383,11	21,862
383,32	22,055
383,52	22,266
383,73	22,385
383,94	22,568
384,15	22,803
384,36	23,072
384,57	23,300
384,78	23,506
384,98	23,682
385,19	23,838
385,40	24,082
385,61	24,294
385,82	24,488
386,03	24,683
386,23	24,914
386,44	25,162
386,65	25,410
386,86	25,681
387,07	25,966
387,28	26,240
387,48	26,539
387,69	26,816
387,90	27,126
388,11	27,412
388,32	27,795
388,52	28,103
388,73	28,422
388,94	28,716
389,15	28,979
389,36	29,269
389,57	29,665
389,77	30,047
389,98	30,377
390,19	30,654
390,40	31,080
390,61	31,482
390,81	31,869
391,02	32,193
391,23	32,609
391,44	33,044
391,65	33,482
391,85	33,892
392,06	34,293
392,27	34,752
392,48	35,302
392,69	35,724
392,89	36,104
393,10	36,514
393,31	36,990
393,52	37,500
393,73	37,989
393,93	38,458
394,14	38,927
394,35	39,406
394,56	39,897
394,76	40,338
394,97	40,869
395,18	41,360
395,39	41,913
395,60	42,457
395,80	42,946
396,01	43,478
396,22	44,076
396,43	44,667
396,63	45,251
396,84	45,792
397,05	46,440
397,26	47,022
397,47	47,648
397,67	48,234
397,88	48,822
398,09	49,418
398,30	50,070
398,50	50,625
398,71	51,203
398,92	51,826
399,13	52,439
399,33	53,051
399,54	53,688
399,75	54,374
399,96	55,073
400,16	55,760
400,37	56,467
400,58	57,131
400,79	57,907
400,99	58,620
401,20	59,308
401,41	60,065
401,62	60,703
401,82	61,431
402,03	62,138
402,24	62,887
402,45	63,664
402,65	64,369
402,86	65,131
403,07	65,820
403,28	66,549
403,48	67,235
403,69	67,918
403,90	68,666
404,10	69,429
404,31	70,109
404,52	70,799
404,73	71,407
404,93	72,117
405,14	72,756
405,35	73,415
405,56	74,099
405,76	74,824
405,97	75,551
406,18	76,204
406,38	76,752
406,59	77,506
406,80	78,201
407,01	78,923
407,21	79,552
407,42	80,163
407,63	80,787
407,83	81,371
408,04	82,015
408,25	82,578
408,46	83,220
408,66	83,915
408,87	84,453
409,08	85,003
409,28	85,587
409,49	86,190
409,70	86,791
409,90	87,358
410,11	87,916
410,32	88,364
410,52	88,866
410,73	89,380
410,94	89,858
411,15	90,318
411,35	90,775
411,56	91,184
411,77	91,597
411,97	91,948
412,18	92,306
412,39	92,712
412,59	93,180
412,80	93,544
413,01	93,935
413,21	94,332
413,42	94,697
413,63	95,070
413,83	95,475
414,04	95,779
414,25	96,144
414,45	96,466
414,66	96,756
414,87	97,036
415,07	97,338
415,28	97,564
415,49	97,721
415,69	97,999
415,90	98,193
416,11	98,357
416,31	98,569
416,52	98,812
416,73	98,996
416,93	98,104
417,14	98,197
417,35	98,376
417,55	98,479
417,76	98,661
417,97	98,783
418,17	99,990
418,38	98,097
418,59	98,243
418,79	98,301
419,00	98,529
419,20	98,724
419,41	98,780
419,62	98,802
419,82	98,918
420,03	98,964
420,24	98,029
420,44	98,201
420,65	99,346
420,86	99,414
421,06	99,582
421,27	99,588
421,47	99,693
421,68	99,902
421,89	99,039
422,09	99,172
422,30	99,317
422,51	99,412
422,71	99,381
422,92	99,368
423,12	99,398
423,33	99,406
423,54	99,474
423,74	99,544
423,95	99,642
424,16	99,700
424,36	99,622
424,57	99,605
424,77	99,659
424,98	99,669
425,19	99,711
425,39	99,794
425,60	99,825
425,80	99,818
426,01	99,781
426,22	99,661
426,42	99,689
426,63	99,837
426,83	99,794
427,04	99,794
427,25	99,697
427,45	99,764
427,66	99,780
427,86	99,826
428,07	99,872
428,27	99,981
428,48	99,100
428,69	99,113
428,89	99,099
429,10	99,158
429,30	99,158
429,51	99,262
429,72	99,276
429,92	99,313
430,13	99,317
430,33	99,382
430,54	99,316
430,74	99,313
430,95	99,260
431,16	99,231
431,36	99,211
431,57	99,247
431,77	99,252
431,98	99,239
432,18	99,219
432,39	99,237
432,60	99,269
432,80	99,291
433,01	99,325
433,21	99,357
433,42	99,480
433,62	99,566
433,83	99,624
434,03	99,693
434,24	99,719
434,45	99,724
434,65	99,745
434,86	99,684
435,06	99,678
435,27	99,600
435,47	99,576
435,68	99,520
435,88	99,530
436,09	99,426
436,29	99,330
436,50	99,275
436,71	99,270
436,91	99,303
437,12	99,303
437,32	99,296
437,53	99,370
437,73	99,430
437,94	99,420
438,14	99,357
438,35	99,440
438,55	99,551
438,76	99,604
438,96	99,611
439,17	99,525
439,37	99,519
439,58	99,667
439,78	99,611
439,99	99,555
440,19	99,477
440,40	99,474
440,60	99,456
440,81	99,331
441,02	99,332
441,22	99,354
441,43	99,341
441,63	99,353
441,84	99,345
442,04	99,246
442,25	99,249
442,45	99,387
442,66	99,457
442,86	99,402
443,07	99,480
443,27	99,423
443,48	99,384
443,68	99,394
443,89	99,392
444,09	99,269
444,30	99,317
444,50	99,385
444,70	99,222
444,91	99,289
445,11	99,264
445,32	99,320
445,52	99,317
445,73	99,319
445,93	99,176
446,14	99,111
446,34	99,041
446,55	99,193
446,75	99,122
446,96	99,257
447,16	99,162
447,37	99,141
447,57	98,989
447,78	99,011
447,98	98,937
448,19	99,129
448,39	99,098
448,60	99,087
448,80	98,886
449,00	98,903
449,21	98,854
449,41	98,801
449,62	98,901
449,82	98,868
450,03	98,863
450,23	98,826
450,44	98,808
450,64	98,899
450,85	99,020
451,05	98,943
451,25	98,884
451,46	98,800
451,66	98,800
451,87	98,566
452,07	98,612
452,28	98,570
452,48	98,630
452,69	98,510
452,89	98,452
453,09	98,354
453,30	98,530
453,50	98,617
453,71	98,582
453,91	98,586
454,12	98,650
454,32	98,615
454,52	98,721
454,73	98,642
454,93	98,747
455,14	98,815
455,34	98,855
455,55	98,750
455,75	98,798
455,95	98,849
456,16	98,849
456,36	98,979
456,57	99,001
456,77	98,907
456,98	99,014
457,18	99,089
457,38	99,041
457,59	99,070
457,79	99,142
458,00	99,179
458,20	99,140
458,40	99,125
458,61	99,066
458,81	99,094
459,02	99,155
459,22	99,163
459,42	99,062
459,63	98,969
459,83	98,871
460,04	98,807
460,24	98,720
460,44	98,693
460,65	98,713
460,85	98,678
461,06	98,687
461,26	98,638
461,46	98,607
461,67	98,676
461,87	98,790
462,07	98,943
462,28	98,984
462,48	98,999
462,69	99,106
462,89	99,147
463,09	99,239
463,30	99,226
463,50	99,227
463,70	99,226
463,91	99,117
464,11	99,218
464,32	99,149
464,52	99,065
464,72	99,021
464,93	98,975
465,13	99,001
465,33	98,999
465,54	99,026
465,74	99,056
465,94	99,029
466,15	99,105
466,35	98,997
466,55	99,009
466,76	99,055
466,96	99,053
467,17	99,124
467,37	99,101
467,57	99,060
467,78	99,036
467,98	99,021
468,18	98,991
468,39	99,034
468,59	99,048
468,79	98,947
469,00	99,045
469,20	99,109
469,40	99,091
469,61	99,043
469,81	99,134
470,01	99,084
470,22	98,986
470,42	99,096
470,62	99,051
470,83	99,061
471,03	99,150
471,23	99,084
471,44	99,028
471,64	98,941
471,84	99,024
472,05	98,891
472,25	98,955
472,45	99,015
472,65	98,959
472,86	98,925
473,06	98,931
473,26	98,862
473,47	98,878
473,67	98,901
473,87	98,948
474,08	98,888
474,28	98,972
474,48	99,013
474,69	99,038
474,89	99,029
475,09	99,096
475,29	99,147
475,50	99,250
475,70	99,264
475,90	99,253
476,11	99,211
476,31	99,223
476,51	99,051
476,72	99,004
476,92	98,979
477,12	98,967
477,32	98,868
477,53	98,753
477,73	98,661
477,93	98,588
478,14	98,553
478,34	98,598
478,54	98,562
478,74	98,597
478,95	98,578
479,15	98,605
479,35	98,584
479,55	98,651
479,76	98,734
479,96	98,751
480,16	98,734
480,37	98,754
480,57	98,758
480,77	98,835
480,97	98,826
481,18	98,891
481,38	98,825
481,58	98,854
481,78	98,858
481,99	98,711
482,19	98,669
482,39	98,650
482,59	98,656
482,80	98,568
483,00	98,443
483,20	98,518
483,40	98,521
483,61	98,531
483,81	98,527
484,01	98,517
484,21	98,596
484,42	98,618
484,62	98,670
484,82	98,681
485,02	98,742
485,23	98,763
485,43	98,721
485,63	98,672
485,83	98,678
486,03	98,639
486,24	98,592
486,44	98,578
486,64	98,561
486,84	98,552
487,05	98,523
487,25	98,536
487,45	98,580
487,65	98,627
487,85	98,564
488,06	98,594
488,26	98,600
488,46	98,568
488,66	98,640
488,87	98,596
489,07	98,631
489,27	98,577
489,47	98,588
489,67	98,582
489,88	98,563
490,08	98,589
490,28	98,591
490,48	98,586
490,68	98,683
490,89	98,573
491,09	98,637
491,29	98,596
491,49	98,608
491,69	98,537
491,90	98,520
492,10	98,497
492,30	98,483
492,50	98,411
492,70	98,395
492,90	98,320
493,11	98,354
493,31	98,324
493,51	98,202
493,71	98,096
493,91	98,191
494,12	98,196
494,32	98,129
494,52	98,129
494,72	98,158
494,92	98,137
495,12	98,088
495,33	98,045
495,53	98,050
495,73	98,082
495,93	98,173
496,13	98,038
496,33	98,019
496,54	98,026
496,74	98,020
496,94	98,033
497,14	98,028
497,34	98,035
497,54	98,038
497,75	98,015
497,95	98,075
498,15	97,994
498,35	98,028
498,55	98,036
498,75	98,051
498,95	98,056
499,16	98,084
499,36	98,109
499,56	98,126
499,76	98,090
499,96	98,068
500,16	98,037
500,36	98,123
500,57	98,105
500,77	98,042
500,97	98,052
501,17	98,022
501,37	98,852
501,57	98,845
501,77	98,804
501,97	97,862
502,18	97,886
502,38	97,966
502,58	97,001
502,78	97,950
502,98	97,926
503,18	97,944
503,38	97,873
503,58	97,995
503,79	97,895
503,99	97,823
504,19	97,773
504,39	97,770
504,59	97,755
504,79	97,681
504,99	97,700
505,19	97,670
505,39	97,627
505,59	97,713
505,80	97,648
506,00	97,739
506,20	97,826
506,40	97,851
506,60	97,871
506,80	97,691
507,00	97,679
507,20	97,635
507,40	97,712
507,60	97,701
507,81	97,637
508,01	97,725
508,21	97,702
508,41	97,643
508,61	97,586
508,81	97,481
509,01	97,496
509,21	97,436
509,41	97,561
509,61	97,476
509,81	97,469
510,01	97,463
510,21	97,385
510,42	97,304
510,62	97,347
510,82	97,411
511,02	97,525
511,22	97,583
511,42	97,646
511,62	97,594
511,82	97,661
512,02	97,663
512,22	97,656
512,42	97,637
512,62	97,642
512,82	97,636
513,02	97,516
513,22	97,467
513,42	97,520
513,62	97,422
513,83	97,390
514,03	97,378
514,23	97,343
514,43	97,365
514,63	97,339
514,83	97,415
515,03	97,473
515,23	97,493
515,43	97,554
515,63	97,450
515,83	97,563
516,03	97,587
516,23	97,541
516,43	97,541
516,63	97,647
516,83	97,716
517,03	97,753
517,23	97,631
517,43	97,685
517,63	97,600
517,83	97,602
518,03	97,565
518,23	97,583
518,43	97,617
518,63	97,556
518,83	97,488
519,03	97,423
519,23	97,390
519,43	97,408
519,63	97,297
519,83	97,343
520,03	97,356
520,23	97,329
520,43	97,210
520,63	97,119
520,83	97,139
521,03	97,010
521,23	97,003
521,43	97,955
521,63	97,942
521,83	97,076
522,03	97,022
522,23	97,062
522,43	97,043
522,63	97,046
522,83	97,030
523,03	97,051
523,23	97,123
523,43	97,157
523,63	97,228
523,83	97,294
524,03	97,185
524,23	97,154
524,43	97,148
524,63	97,253
524,83	97,286
525,03	97,324
525,23	97,313
525,43	97,298
525,63	97,321
525,83	97,244
526,03	97,257
526,23	97,269
526,43	97,209
526,63	97,336
526,83	97,281
527,03	97,241
527,23	97,300
527,43	97,340
527,63	97,252
527,83	97,208
528,02	97,232
528,22	97,219
528,42	97,249
528,62	97,307
528,82	97,126
529,02	97,035
529,22	97,023
529,42	97,072
529,62	97,013
529,82	97,132
530,02	97,111
530,22	97,118
530,42	97,144
530,62	97,105
530,82	97,083
531,02	97,035
531,22	97,119
531,41	97,135
531,61	97,066
531,81	97,125
532,01	97,028
532,21	97,104
532,41	97,039
532,61	97,926
532,81	97,981
533,01	97,931
533,21	97,069
533,41	97,057
533,61	97,171
533,80	97,072
534,00	97,973
534,20	97,995
534,40	97,943
534,60	97,957
534,80	97,025
535,00	97,018
535,20	97,114
535,40	97,028
535,60	97,048
535,80	97,892
535,99	97,860
536,19	97,914
536,39	97,970
536,59	97,947
536,79	97,971
536,99	97,904
537,19	97,901
537,39	97,875
537,59	97,878
537,78	97,825
537,98	97,851
538,18	97,836
538,38	97,780
538,58	97,704
538,78	97,697
538,98	97,771
539,18	97,787
539,37	97,778
539,57	97,731
539,77	97,651
539,97	97,649
540,17	97,657
540,37	97,711
540,57	97,732
540,77	97,768
540,96	97,802
541,16	97,717
541,36	100,797
541,56	100,815
541,76	100,860
541,96	100,954
542,16	100,852
542,35	100,926
542,55	100,888
542,75	100,982
542,95	101,011
543,15	100,965
543,35	100,852
543,55	100,646
543,74	100,575
543,94	100,513
544,14	100,504
544,34	100,572
544,54	100,433
544,74	100,436
544,93	100,348
545,13	100,336
545,33	100,280
545,53	100,259
545,73	100,359
545,93	100,404
546,12	100,444
546,32	100,431
546,52	100,422
546,72	100,440
546,92	100,505
547,11	100,545
547,31	100,506
547,51	100,498
547,71	100,590
547,91	100,654
548,11	100,636
548,30	100,561
548,50	100,582
548,70	100,637
548,90	100,616
549,10	100,559
549,29	100,457
549,49	100,407
549,69	100,382
549,89	100,376
550,09	100,280
550,28	100,313
550,48	100,400
550,68	100,318
550,88	100,237
551,08	100,309
551,27	100,357
551,47	100,448
551,67	100,455
551,87	100,458
552,07	100,460
552,26	100,563
552,46	100,581
552,66	100,562
552,86	100,609
553,05	100,596
553,25	100,603
553,45	100,629
553,65	100,568
553,85	100,643
554,04	100,643
554,24	100,631
554,44	100,468
554,64	100,390
554,83	100,323
555,03	100,293
555,23	100,404
555,43	100,320
555,62	100,321
555,82	100,296
556,02	100,276
556,22	100,390
556,41	100,383
556,61	100,452
556,81	100,437
557,01	100,401
557,21	100,415
557,40	100,388
557,60	100,379
557,80	100,304
557,99	100,275
558,19	100,170
558,39	100,138
558,59	100,197
558,78	100,178
558,98	100,099
559,18	100,230
559,38	100,198
559,57	100,133
559,77	100,160
559,97	100,088
560,17	100,137
560,36	100,131
560,56	100,087
560,76	99,940
560,95	99,951
561,15	100,004
561,35	99,941
561,55	99,971
561,74	100,015
561,94	100,020
562,14	100,105
562,34	100,084
562,53	100,084
562,73	100,102
562,93	100,113
563,12	100,180
563,32	100,221
563,52	100,262
563,71	100,251
563,91	100,226
564,11	100,252
564,31	100,307
564,50	100,226
564,70	100,249
564,90	100,234
565,09	100,328
565,29	100,243
565,49	100,178
565,68	100,116
565,88	100,110
566,08	100,001
566,27	100,001
566,47	99,873
566,67	99,957
566,87	100,012
567,06	100,016
567,26	100,026
567,46	99,936
567,65	99,992
567,85	99,957
568,05	99,930
568,24	100,037
568,44	99,948
568,64	100,009
568,83	99,999
569,03	99,915
569,23	99,853
569,42	99,834
569,62	99,947
569,82	99,934
570,01	99,943
570,21	99,944
570,41	99,922
570,60	99,962
570,80	99,908
571,00	99,855
571,19	99,754
571,39	99,857
571,58	99,840
571,78	99,851
571,98	99,830
572,17	99,837
572,37	99,829
572,57	99,847
572,76	99,838
572,96	99,795
573,16	99,865
573,35	100,011
573,55	99,862
573,74	99,852
573,94	99,817
574,14	99,833
574,33	99,808
574,53	99,775
574,73	99,767
574,92	99,662
575,12	99,756
575,32	99,796
575,51	99,689
575,71	99,799
575,90	99,809
576,10	99,749
576,30	99,764
576,49	99,764
576,69	99,725
576,88	99,746
577,08	99,786
577,28	99,815
577,47	99,617
577,67	99,815
577,86	99,760
578,06	99,713
578,26	99,717
578,45	99,681
578,65	99,725
578,84	99,729
579,04	99,703
579,24	99,729
579,43	99,687
579,63	99,849
579,82	99,596
580,02	99,626
580,22	99,611
580,41	99,610
580,61	99,538
580,80	99,456
581,00	99,530
581,19	99,458
581,39	99,403
581,59	99,346
581,78	99,293
581,98	99,398
582,17	99,367
582,37	99,409
582,56	99,370
582,76	99,376
582,96	99,352
583,15	99,290
583,35	99,347
583,54	99,425
583,74	99,448
583,93	99,509
584,13	99,486
584,33	99,445
584,52	99,347
584,72	99,267
584,91	99,236
585,11	99,231
585,30	99,135
585,50	99,092
585,69	98,938
585,89	98,875
586,08	98,762
586,28	98,742
586,48	98,720
586,67	98,769
586,87	98,857
587,06	98,899
587,26	98,900
587,45	98,997
587,65	99,009
587,84	99,161
588,04	99,173
588,23	99,186
588,43	99,242
588,62	99,188
588,82	99,162
589,01	99,199
589,21	99,165
589,40	99,193
589,60	99,231
589,79	99,251
589,99	99,240
590,19	99,240
590,38	99,229
590,58	99,107
590,77	99,271
590,97	99,340
591,16	99,337
591,36	99,322
591,55	99,310
591,75	99,385
591,94	99,290
592,14	99,223
592,33	99,154
592,53	99,160
592,72	99,242
592,92	99,103
593,11	99,101
593,31	99,016
593,50	98,981
593,69	98,973
593,89	98,801
594,08	98,840
594,28	98,830
594,47	98,929
594,67	98,898
594,86	98,845
595,06	98,870
595,25	98,764
595,45	98,766
595,64	98,907
595,84	98,930
596,03	99,004
596,23	99,041
596,42	99,002
596,62	99,007
596,81	98,930
597,01	98,939
597,20	98,944
597,39	98,942
597,59	98,968
597,78	98,880
597,98	98,882
598,17	98,865
598,37	98,747
598,56	98,750
598,76	98,715
598,95	98,837
599,15	98,788
599,34	98,765
599,53	98,782
599,73	98,889
599,92	98,881
600,12	98,834
600,31	98,793
600,51	98,838
600,70	98,901
600,89	98,813
601,09	98,828
601,28	98,849
601,48	98,832
601,67	98,826
601,87	98,699
602,06	98,694
602,25	98,684
602,45	98,691
602,64	98,653
602,84	98,586
603,03	98,614
603,23	98,596
603,42	98,559
603,61	98,495
603,81	98,477
604,00	98,461
604,20	98,447
604,39	98,478
604,58	98,397
604,78	98,460
604,97	98,493
605,17	98,513
605,36	98,446
605,55	98,532
605,75	98,665
605,94	98,665
606,14	98,679
606,33	98,710
606,52	98,644
606,72	98,719
606,91	98,663
607,11	98,641
607,30	98,607
607,49	98,558
607,69	98,476
607,88	98,382
608,07	98,377
608,27	98,308
608,46	98,285
608,66	98,325
608,85	98,348
609,04	98,274
609,24	98,217
609,43	98,254
609,62	98,322
609,82	98,272
610,01	98,304
610,21	98,288
610,40	98,280
610,59	98,196
610,79	98,133
610,98	98,075
611,17	98,110
611,37	98,162
611,56	98,133
611,75	98,036
611,95	98,115
612,14	97,996
612,33	98,074
612,53	98,210
612,72	98,247
612,91	98,256
613,11	98,266
613,30	98,314
613,49	98,306
613,69	98,273
613,88	98,339
614,07	98,281
614,27	98,376
614,46	98,275
614,65	98,130
614,85	98,142
615,04	98,149
615,23	98,083
615,43	98,024
615,62	98,012
615,81	98,074
616,01	97,978
616,20	98,014
616,39	97,907
616,59	97,921
616,78	97,966
616,97	97,866
617,17	97,813
617,36	97,917
617,55	97,946
617,75	97,891
617,94	97,833
618,13	97,905
618,32	97,932
618,52	98,002
618,71	98,022
618,90	98,009
619,10	98,057
619,29	98,080
619,48	97,998
619,67	98,007
619,87	98,025
620,06	97,982
620,25	97,938
620,45	97,893
620,64	97,854
620,83	97,850
621,02	97,831
621,22	97,780
621,41	97,784
621,60	97,806
621,80	97,743
621,99	97,753
622,18	97,771
622,37	97,791
622,57	97,717
622,76	97,722
622,95	97,678
623,14	97,712
623,34	97,735
623,53	97,714
623,72	97,668
623,92	97,632
624,11	97,644
624,30	97,659
624,49	97,665
624,69	97,690
624,88	97,736
625,07	97,773
625,26	97,801
625,46	97,877
625,65	97,852
625,84	97,782
626,03	97,846
626,23	97,937
626,42	97,901
626,61	97,909
626,80	97,854
626,99	97,785
627,19	97,742
627,38	97,673
627,57	97,611
627,76	97,691
627,96	97,710
628,15	97,741
628,34	97,591
628,53	97,603
628,72	97,632
628,92	97,684
629,11	97,657
629,30	97,577
629,49	97,479
629,69	97,497
629,88	97,479
630,07	97,521
630,26	97,506
630,45	97,471
630,65	97,515
630,84	97,405
631,03	97,454
631,22	97,511
631,41	97,526
631,61	97,555
631,80	97,472
631,99	97,461
632,18	97,526
632,37	97,480
632,57	97,551
632,76	97,471
632,95	97,478
633,14	97,384
633,33	97,372
633,53	97,379
633,72	97,476
633,91	97,598
634,10	97,592
634,29	97,606
634,48	97,665
634,68	97,670
634,87	97,640
635,06	97,688
635,25	97,636
635,44	97,557
635,63	97,557
635,83	97,456
636,02	97,342
636,21	97,318
636,40	97,257
636,59	97,115
636,78	97,045
636,98	97,093
637,17	97,053
637,36	97,108
637,55	97,112
637,74	97,083
637,93	97,063
638,13	97,057
638,32	97,107
638,51	97,034
638,70	97,049
638,89	97,030
639,08	97,058
639,27	97,053
639,47	97,081
639,66	97,137
639,85	97,189
640,04	97,252
640,23	97,263
640,42	97,212
640,61	97,227
640,80	97,239
641,00	97,254
641,19	97,150
641,38	97,206
641,57	97,136
641,76	97,040
641,95	96,973
642,14	96,920
642,33	96,862
642,52	96,840
642,72	96,849
642,91	96,856
643,10	96,901
643,29	96,887
643,48	96,811
643,67	96,870
643,86	96,898
644,05	96,945
644,24	96,945
644,44	96,974
644,63	96,952
644,82	96,873
645,01	96,857
645,20	96,780
645,39	96,851
645,58	96,899
645,77	96,875
645,96	96,882
646,15	96,830
646,34	96,832
646,54	96,804
646,73	96,756
646,92	96,826
647,11	96,800
647,30	96,811
647,49	96,769
647,68	96,764
647,87	96,674
648,06	96,686
648,25	96,699
648,44	96,720
648,63	96,740
648,82	96,720
649,01	96,653
649,21	96,656
649,40	96,676
649,59	96,711
649,78	96,711
649,97	96,695
650,16	96,636
650,35	96,623
650,54	96,561
650,73	96,525
650,92	96,580
651,11	96,532
651,30	96,522
651,49	96,426
651,68	96,390
651,87	96,287
652,06	96,320
652,25	96,345
652,44	96,415
652,63	96,435
652,82	96,493
653,01	96,463
653,20	96,446
653,39	96,469
653,58	96,533
653,78	96,548
653,97	96,571
654,16	96,545
654,35	96,544
654,54	96,428
654,73	96,378
654,92	96,370
655,11	96,456
655,30	96,585
655,49	96,552
655,68	96,465
655,87	96,381
656,06	96,410
656,25	96,396
656,44	96,446
656,63	96,538
656,82	96,625
657,01	96,522
657,20	96,381
657,39	96,354
657,58	96,374
657,77	96,449
657,96	96,487
658,15	96,440
658,34	96,469
658,53	96,413
658,72	96,292
658,91	96,185
659,10	96,304
659,29	96,300
659,48	96,207
659,66	96,137
659,85	96,081
660,04	96,032
660,23	96,055
660,42	96,033
660,61	96,026
660,80	96,052
660,99	96,094
661,18	96,020
661,37	96,023
661,56	96,016
661,75	96,080
661,94	96,122
662,13	96,157
662,32	96,114
662,51	96,154
662,70	96,187
662,89	96,148
663,08	96,054
663,27	96,003
663,46	95,996
663,65	96,014
663,84	95,926
664,03	95,935
664,21	95,867
664,40	95,949
664,59	95,882
664,78	95,787
664,97	95,826
665,16	95,913
665,35	95,874
665,54	95,920
665,73	95,890
665,92	95,935
666,11	95,932
666,30	95,905
666,49	95,840
666,68	95,897
666,86	95,923
667,05	95,960
667,24	95,978
667,43	96,078
667,62	96,057
667,81	96,121
668,00	96,135
668,19	96,034
668,38	96,084
668,57	96,117
668,76	96,140
668,94	96,091
669,13	96,021
669,32	95,964
669,51	95,854
669,70	95,803
669,89	95,824
670,08	95,751
670,27	95,811
670,46	95,845
670,65	95,744
670,83	95,743
671,02	95,746
671,21	95,731
671,40	95,729
671,59	95,807
671,78	95,799
671,97	95,686
672,16	95,729
672,34	95,747
672,53	95,603
672,72	95,566
672,91	95,560
673,10	95,516
673,29	95,532
673,48	95,448
673,67	95,408
673,85	95,406
674,04	95,432
674,23	95,373
674,42	95,333
674,61	95,376
674,80	95,389
674,99	95,259
675,17	95,339
675,36	95,312
675,55	95,386
675,74	95,448
675,93	95,404
676,12	95,393
676,30	95,392
676,49	95,371
676,68	95,411
676,87	95,429
677,06	95,473
677,25	95,404
677,43	95,346
677,62	95,293
677,81	95,188
678,00	95,226
678,19	95,264
678,38	95,319
678,56	95,352
678,75	95,359
678,94	95,373
679,13	95,339
679,32	95,316
679,50	95,414
679,69	95,384
679,88	95,397
680,07	95,359
680,26	95,288
680,45	95,205
680,63	95,167
680,82	95,122
681,01	95,135
681,20	95,114
681,39	95,076
681,57	94,953
681,76	94,988
681,95	95,041
682,14	95,012
682,33	95,019
682,51	95,068
682,70	95,034
682,89	95,035
683,08	95,008
683,26	95,031
683,45	95,066
683,64	95,062
683,83	95,089
684,02	95,025
684,20	95,050
684,39	94,986
684,58	94,943
684,77	94,939
684,95	94,903
685,14	94,946
685,33	94,964
685,52	94,948
685,71	95,015
685,89	94,986
686,08	95,015
686,27	94,910
686,46	94,929
686,64	94,939
686,83	94,995
687,02	94,976
687,21	94,892
687,39	94,885
687,58	94,896
687,77	94,882
687,96	94,888
688,14	94,851
688,33	94,964
688,52	94,978
688,70	94,941
688,89	94,831
689,08	94,967
689,27	94,940
689,45	94,920
689,64	94,927
689,83	94,887
690,02	94,777
690,20	94,779
690,39	94,680
690,58	94,602
690,77	94,595
690,95	94,627
691,14	94,453
691,33	94,459
691,51	94,455
691,70	94,466
691,89	94,462
692,08	94,491
692,26	94,458
692,45	94,522
692,64	94,597
692,82	94,584
693,01	94,637
693,20	94,670
693,38	94,634
693,57	94,572
693,76	94,562
693,95	94,611
694,13	94,627
694,32	94,632
694,51	94,625
694,69	94,595
694,88	94,611
695,07	94,577
695,25	94,592
695,44	94,571
695,63	94,510
695,81	94,465
696,00	94,413
696,19	94,488
696,37	94,481
696,56	94,410
696,75	94,448
696,93	94,386
697,12	94,384
697,31	94,358
697,49	94,480
697,68	94,549
697,87	94,541
698,05	94,527
698,24	94,471
698,43	94,516
698,61	94,563
698,80	94,492
698,99	94,522
699,17	94,497
699,36	94,516
699,55	94,362
699,73	94,332
699,92	94,375
700,11	94,397
700,29	94,377
700,48	94,336
700,66	94,307
700,85	94,305
701,04	94,273
701,22	94,239
701,41	94,197
701,60	94,210
701,78	94,244
701,97	94,151
702,16	94,036
702,34	93,969
702,53	94,068
702,71	94,102
702,90	94,124
703,09	94,144
703,27	94,143
703,46	94,120
703,64	94,143
703,83	93,931
704,02	93,968
704,20	94,018
704,39	94,048
704,57	93,897
704,76	93,866
704,95	93,799
705,13	93,802
705,32	93,855
705,50	93,799
705,69	93,806
705,88	93,999
706,06	93,979
706,25	94,003
706,43	94,018
706,62	94,080
706,81	94,015
706,99	94,059
707,18	94,007
707,36	93,942
707,55	94,014
707,73	93,947
707,92	93,970
708,11	93,897
708,29	93,820
708,48	93,755
708,66	93,658
708,85	93,787
709,03	93,740
709,22	93,843
709,41	93,898
709,59	93,888
709,78	93,866
709,96	93,764
710,15	93,827
710,33	93,857
710,52	93,911
710,71	93,951
710,89	93,920
711,08	93,894
711,26	93,812
711,45	93,673
711,63	93,685
711,82	93,698
712,00	93,733
712,19	93,723
712,37	93,652
712,56	93,640
712,74	93,599
712,93	93,518
713,12	93,496
713,30	93,498
713,49	93,477
713,67	93,428
713,86	93,471
714,04	93,506
714,23	93,477
714,41	93,540
714,60	93,553
714,78	93,479
714,97	93,508
715,15	93,629
715,34	93,603
715,52	93,651
715,71	93,682
715,89	93,669
716,08	93,606
716,26	93,609
716,45	93,539
716,63	93,490
716,82	93,559
717,00	93,470
717,19	93,430
717,37	93,416
717,56	93,432
717,74	93,422
717,93	93,462
718,11	93,558
718,30	93,582
718,48	93,706
718,67	93,667
718,85	93,628
719,04	93,647
719,22	93,613
719,41	93,656
719,59	93,571
719,78	93,531
719,96	93,413
720,14	93,298
720,33	93,297
720,51	93,249
720,70	93,279
720,88	93,301
721,07	93,385
721,25	93,380
721,44	93,336
721,62	93,338
721,81	93,307
721,99	93,310
722,18	93,346
722,36	93,329
722,54	93,309
722,73	93,261
722,91	93,296
723,10	93,196
723,28	93,175
723,47	93,233
723,65	93,360
723,84	93,408
724,02	93,520
724,20	93,494
724,39	93,486
724,57	93,469
724,76	93,470
724,94	93,395
725,13	93,406
725,31	93,432
725,49	93,463
725,68	93,357
725,86	93,267
726,05	93,197
726,23	93,153
726,41	93,083
726,60	93,049
726,78	93,037
726,97	93,053
727,15	92,980
727,34	92,980
727,52	92,917
727,70	92,977
727,89	93,019
728,07	92,963
728,26	93,007
728,44	92,986
728,62	92,989
728,81	93,052
728,99	93,052
729,17	93,176
729,36	93,086
729,54	92,903
729,73	92,901
729,91	92,880
730,09	92,831
730,28	92,822
730,46	92,839
730,65	92,842
730,83	92,842
731,01	92,705
731,20	92,698
731,38	92,743
731,56	92,803
731,75	92,773
731,93	92,748
732,12	92,873
732,30	92,838
732,48	92,791
732,67	92,802
732,85	92,706
733,03	92,837
733,22	92,799
733,40	92,730
733,58	92,763
733,77	92,674
733,95	92,729
734,13	92,683
734,32	92,654
734,50	92,724
734,68	92,731
734,87	92,783
735,05	92,665
735,23	92,635
735,42	92,673
735,60	92,619
735,78	92,644
735,97	92,657
736,15	92,636
736,33	92,711
736,52	92,760
736,70	92,702
736,88	92,695
737,07	92,695
737,25	92,592
737,43	92,585
737,62	92,522
737,80	92,498
737,98	92,481
738,17	92,448
738,35	92,374
738,53	92,331
738,72	92,356
738,90	92,300
739,08	92,367
739,26	92,497
739,45	92,530
739,63	92,635
739,81	92,594
740,00	92,516
740,18	92,634
740,36	92,653
740,54	92,649
740,73	92,529
740,91	92,523
741,09	92,492
741,28	92,456
741,46	92,408
741,64	92,317
741,82	92,357
742,01	92,416
742,19	92,256
742,37	92,213
742,56	92,171
742,74	92,261
742,92	92,327
743,10	92,351
743,29	92,305
743,47	92,239
743,65	92,243
743,83	92,214
744,02	92,157
744,20	92,225
744,38	92,212
744,56	92,301
744,75	92,344
744,93	92,216
745,11	92,208
745,29	92,234
745,48	92,260
745,66	92,359
745,84	92,369
746,02	92,419
746,21	92,393
746,39	92,382
746,57	92,233
746,75	92,173
746,94	92,215
747,12	92,221
747,30	92,155
747,48	92,133
747,66	92,065
747,85	92,137
748,03	92,094
748,21	92,137
748,39	92,130
748,58	92,142
748,76	92,113
748,94	92,044
749,12	91,921
749,30	91,996
749,49	91,993
749,67	91,911
749,85	91,764
750,03	91,763
750,21	91,765
750,40	91,768
750,58	91,712
750,76	91,741
750,94	91,827
751,12	91,878
751,31	91,842
751,49	91,811
751,67	91,843
751,85	91,905
752,03	91,833
752,22	91,669
752,40	91,705
752,58	91,767
752,76	91,738
752,94	91,713
753,12	91,738
753,31	91,708
753,49	91,801
753,67	91,840
753,85	91,864
754,03	91,887
754,21	91,962
754,40	91,952
754,58	91,915
754,76	91,938
754,94	91,964
755,12	91,853
755,30	91,882
755,49	91,765
755,67	91,677
755,85	91,630
756,03	91,632
756,21	91,579
756,39	91,499
756,57	91,452
756,76	91,439
756,94	91,393
757,12	91,476
757,30	91,387
757,48	91,487
757,66	91,538
757,84	91,487
758,02	91,507
758,21	91,558
758,39	91,524
758,57	91,545
758,75	91,421
758,93	91,407
759,11	91,446
759,29	91,474
759,47	91,424
759,66	91,428
759,84	91,474
760,02	91,378
760,20	91,360
760,38	91,353
760,56	91,420
760,74	91,528
760,92	91,495
761,10	91,482
761,29	91,388
761,47	91,330
761,65	91,281
761,83	91,374
762,01	91,446
762,19	91,373
762,37	91,409
762,55	91,344
762,73	91,337
762,91	91,348
763,09	91,298
763,28	91,352
763,46	91,391
763,64	91,407
763,82	91,368
764,00	91,272
764,18	91,341
764,36	91,296
764,54	91,268
764,72	91,276
764,90	91,274
765,08	91,218
765,26	91,268
765,44	91,247
765,62	91,238
765,80	91,142
765,99	91,249
766,17	91,224
766,35	91,209
766,53	91,259
766,71	91,218
766,89	91,250
767,07	91,354
767,25	91,290
767,43	91,221
767,61	91,142
767,79	91,135
767,97	91,046
768,15	91,066
768,33	91,132
768,51	91,156
768,69	91,077
768,87	90,944
769,05	90,913
769,23	90,874
769,41	90,971
769,59	91,075
769,77	90,982
769,95	91,083
770,13	91,001
770,31	90,983
770,49	90,956
770,67	90,940
770,85	91,072
771,03	90,969
771,21	90,991
771,39	91,017
771,57	90,976
771,75	91,099
771,93	91,034
772,11	91,023
772,29	91,010
772,47	90,984
772,65	91,101
772,83	90,995
773,01	91,102
773,19	91,155
773,37	91,043
773,55	91,083
773,73	91,052
773,91	91,040
774,09	91,006
774,27	90,975
774,45	90,951
774,63	90,881
774,81	90,905
774,99	90,900
775,17	90,829
775,35	90,774
775,53	90,727
775,71	90,793
775,89	90,713
776,07	90,863
776,25	90,875
776,43	90,908
776,61	90,852
776,79	90,885
776,97	90,859
777,15	90,928
777,33	90,953
777,51	90,965
777,69	90,820
777,87	90,905
778,04	90,775
778,22	90,707
778,40	90,609
778,58	90,587
778,76	90,542
778,94	90,493
779,12	90,410
779,30	90,398
779,48	90,383
779,66	90,347
779,84	90,340
780,02	90,311
780,20	90,382
780,38	90,455
780,56	90,452
780,73	90,482
780,91	90,436
781,09	90,507
781,27	90,565
781,45	90,564
781,63	90,584
781,81	90,484
781,99	90,501
782,17	90,468
782,35	90,453
782,53	90,564
782,70	90,524
782,88	90,577
783,06	90,488
783,24	90,502
783,42	90,614
783,60	90,630
783,78	90,683
783,96	90,715
784,14	90,734
784,31	90,664
784,49	90,666
784,67	90,737
784,85	90,703
785,03	90,775
785,21	90,656
785,39	90,555
785,57	90,649
785,74	90,598
785,92	90,559
786,10	90,543
786,28	90,613
786,46	90,580
786,64	90,510
786,82	90,571
786,99	90,557
787,17	90,594
787,35	90,547
787,53	90,474
787,71	90,511
787,89	90,450
788,07	90,365
788,24	90,321
788,42	90,307
788,60	90,253
788,78	90,190
788,96	90,126
789,14	90,195
789,31	90,093
789,49	90,044
789,67	90,000
789,85	90,076
790,03	90,190
790,21	90,208
790,38	90,294
790,56	90,329
790,74	90,370
790,92	90,360
791,10	90,246
791,28	90,280
791,45	90,352
791,63	90,379
791,81	90,370
791,99	90,303
792,17	90,325
792,34	90,155
792,52	90,172
792,70	90,076
792,88	89,982
793,06	89,952
793,23	89,938
793,41	89,914
793,59	89,874
793,77	89,805
793,95	89,794
794,12	89,755
794,30	89,828
794,48	89,772
794,66	89,774
794,84	90,003
795,01	90,093
795,19	90,069
795,37	90,120
795,55	90,075
795,72	90,138
795,90	90,085
796,08	90,071
796,26	89,945
796,44	89,964
796,61	90,001
796,79	89,970
796,97	89,789
797,15	89,952
797,32	89,925
797,50	90,036
797,68	90,084
797,86	90,190
798,03	90,051
798,21	90,076
798,39	90,058
798,57	90,090
798,74	89,998
798,92	90,051
799,10	89,932
799,28	89,861
799,45	89,848
799,63	89,739
799,81	89,700
799,98	89,855
800,16	89,969
800,34	89,930
800,52	89,753
800,69	89,696
800,87	89,816
801,05	89,746
801,23	89,755
801,40	89,650
801,58	89,743
801,76	89,639
801,93	89,494
802,11	89,434
802,29	89,345
802,47	89,432
802,64	89,555
802,82	89,394
803,00	89,493
803,17	89,436
803,35	89,469
803,53	89,300
803,70	89,421
803,88	89,551
804,06	89,587
804,24	89,695
804,41	89,768
804,59	89,685
804,77	89,796
804,94	89,784
805,12	89,717
805,30	89,759
805,47	89,880
805,65	89,779
805,83	89,811
806,00	89,660
806,18	89,672
806,36	89,567
806,53	89,474
806,71	89,504
806,89	89,501
807,06	89,610
807,24	89,539
807,42	89,499
807,59	89,506
807,77	89,404
807,95	89,424
808,12	89,442
808,30	89,491
808,48	89,446
808,65	89,343
808,83	89,267
809,01	89,257
809,18	89,436
809,36	89,417
809,53	89,476
809,71	89,468
809,89	89,540
810,06	89,460
810,24	89,301
810,42	89,365
810,59	89,436
810,77	89,527
810,95	89,499
811,12	89,276
811,30	89,246
811,47	89,212
811,65	89,229
811,83	89,091
812,00	89,054
812,18	89,175
812,35	89,242
812,53	89,115
812,71	88,973
812,88	88,914
813,06	89,043
813,24	88,974
813,41	89,018
813,59	89,045
813,76	89,283
813,94	89,258
814,11	89,210
814,29	89,110
814,47	89,246
814,64	89,313
814,82	89,234
814,99	89,067
815,17	89,084
815,35	88,980
815,52	88,886
815,70	88,764
815,87	88,839
816,05	89,044
816,22	89,017
816,40	88,872
816,58	88,883
816,75	88,950
816,93	88,913
817,10	88,970
817,28	89,005
817,45	88,906
817,63	88,902
817,81	88,960
817,98	88,684
818,16	88,759
818,33	88,879
818,51	88,826
818,68	88,859
818,86	89,012
819,03	89,004
819,21	88,953
819,38	88,888
819,56	88,891
819,74	88,815
819,91	88,937
820,09	88,960
820,26	88,907
820,44	88,852
820,61	88,847
820,79	88,848
820,96	88,760
821,14	88,742
821,31	88,793
821,49	88,627
821,66	88,586
821,84	88,493
822,01	88,341
822,19	88,300
822,36	88,399
822,54	88,345
822,71	88,203
822,89	88,300
823,06	88,361
823,24	88,548
823,41	88,622
823,59	88,522
823,76	88,559
823,94	88,703
824,11	88,774
824,29	88,635
824,46	88,618
824,64	88,635
824,81	88,541
824,99	88,492
825,16	88,364
825,34	88,470
825,51	88,571
825,69	88,574
825,86	88,613
826,04	88,418
826,21	88,640
826,39	88,842
826,56	88,888
826,74	89,025
826,91	89,166
827,09	89,360
827,26	89,440
827,43	89,502
827,61	89,521
827,78	89,376
827,96	89,509
828,13	89,425
828,31	89,319
828,48	89,449
828,66	89,370
828,83	89,297
829,01	89,247
829,18	89,037
829,35	89,066
829,53	89,079
829,70	89,183
829,88	89,242
830,05	89,225
830,23	89,289
830,40	89,171
830,57	89,220
830,75	89,205
830,92	89,185
831,10	89,198
831,27	89,173
831,45	89,196
831,62	89,340
831,79	89,406
831,97	89,508
832,14	89,495
832,32	89,473
832,49	89,393
832,66	89,361
832,84	89,217
833,01	89,355
833,19	89,231
833,36	89,109
833,53	88,862
833,71	88,809
833,88	88,563
834,06	88,469
834,23	88,448
834,40	88,423
834,58	88,372
834,75	88,322
834,93	88,235
835,10	88,356
835,27	88,432
835,45	88,597
835,62	88,434
835,79	88,601
835,97	88,598
836,14	88,585
836,32	88,729
836,49	88,718
836,66	88,743
836,84	88,778
837,01	88,723
837,18	88,690
837,36	88,458
837,53	88,496
837,71	88,545
837,88	88,624
838,05	88,669
838,23	88,665
838,40	88,719
838,57	88,818
838,75	88,869
838,92	88,795
839,09	88,780
839,27	88,825
839,44	88,759
839,61	88,621
839,79	88,502
839,96	88,435
840,13	88,401
840,31	88,298
840,48	88,185
840,65	87,955
840,83	87,965
841,00	87,943
841,17	87,875
841,35	88,191
841,52	88,198
841,69	88,065
841,86	88,010
842,04	87,873
842,21	87,907
842,38	87,938
842,56	88,081
842,73	87,985
842,90	88,078
843,08	88,181
843,25	87,874
843,42	87,836
843,60	87,882
843,77	88,142
843,94	88,306
844,11	88,276
844,29	88,395
844,46	88,474
844,63	88,533
844,81	88,662
844,98	88,646
845,15	88,654
845,32	88,668
845,50	88,827
845,67	88,694
845,84	88,672
846,01	88,868
846,19	88,714
846,36	88,643
846,53	88,584
846,71	88,339
846,88	88,360
847,05	88,480
847,22	88,415
847,40	88,290
847,57	88,180
847,74	88,185
847,91	87,981
848,09	87,987
848,26	87,902
848,43	88,058
848,60	88,138
848,78	88,307
848,95	88,144
849,12	88,171
849,29	88,318
849,46	88,357
849,64	88,191
849,81	88,352
849,98	88,253
850,15	88,302
850,33	88,252
850,50	88,055
850,67	87,878
850,84	88,018
851,02	88,135
851,19	87,963
851,36	87,924
851,53	87,840
851,70	87,866
851,88	87,979
852,05	87,886
852,22	87,640
852,39	87,855
852,56	87,821
852,74	87,790
852,91	87,624
853,08	87,577
853,25	87,627
853,42	87,843
853,60	87,618
853,77	87,653
853,94	87,797
854,11	87,986
854,28	87,869
854,45	87,787
854,63	87,685
854,80	87,662
854,97	87,806
855,14	87,715
855,31	87,549
855,49	87,774
855,66	87,832
855,83	87,800
856,00	87,868
856,17	87,893
856,34	88,027
856,52	88,037
856,69	87,964
856,86	87,970
857,03	87,929
857,20	88,160
857,37	87,960
857,54	87,944
857,72	87,853
857,89	87,985
858,06	87,956
858,23	87,865
858,40	87,890
858,57	88,025
858,74	87,899
858,92	87,873
859,09	87,654
859,26	87,567
859,43	87,511
859,60	87,470
859,77	87,280
859,94	87,354
860,11	87,420
860,29	87,574
860,46	87,590
860,63	87,575
860,80	87,705
860,97	87,742
861,14	87,690
861,31	87,733
861,48	87,796
861,65	87,746
861,83	87,684
862,00	87,642
862,17	87,612
862,34	87,651
862,51	87,763
862,68	87,861
862,85	87,928
863,02	88,070
863,19	87,946
863,36	87,872
863,54	87,947
863,71	87,961
863,88	87,869
864,05	87,704
864,22	87,641
864,39	87,585
864,56	87,243
864,73	87,158
864,90	87,202
865,07	87,162
865,24	87,217
865,41	87,236
865,58	87,209
865,75	87,321
865,93	87,294
866,10	87,277
866,27	87,377
866,44	87,672
866,61	87,594
866,78	87,615
866,95	87,803
867,12	87,703
867,29	87,671
867,46	87,516
867,63	87,518
867,80	87,585
867,97	87,566
868,14	87,489
868,31	87,253
868,48	87,133
868,65	87,080
868,82	87,058
868,99	86,961
869,16	86,905
869,33	87,031
869,50	86,916
869,67	87,032
869,84	87,172
870,01	87,183
870,18	87,152
870,35	87,301
870,52	87,201
870,69	86,866
870,86	86,973
871,03	86,958
871,20	86,791
871,37	86,849
871,54	86,702
871,71	86,646
871,88	86,456
872,05	86,499
872,22	86,433
872,39	86,647
872,56	86,969
872,73	87,167
872,90	87,181
873,07	87,314
873,24	87,321
873,41	87,427
873,58	87,378
873,75	87,568
873,92	87,803
874,09	87,791
874,26	87,642
874,43	87,599
874,60	87,356
874,77	87,393
874,94	87,502
875,11	87,498
875,28	87,392
875,45	87,312
875,62	87,272
875,79	87,219
875,96	87,423
876,13	87,456
876,30	87,361
876,47	87,448
876,64	87,446
876,81	87,344
876,97	87,113
877,14	87,170
877,31	87,134
877,48	87,222
877,65	87,292
877,82	87,036
877,99	86,930
878,16	86,905
878,33	86,890
878,50	86,832
878,67	86,910
878,84	87,078
879,01	87,147
879,18	87,288
879,34	87,173
879,51	86,904
879,68	86,910
879,85	86,956
880,02	86,982
880,19	86,787
880,36	86,820
880,53	86,709
880,70	86,639
880,87	86,552
881,03	86,277
881,20	86,072
881,37	86,113
881,54	86,295
881,71	86,306
881,88	86,247
882,05	86,303
882,22	86,258
882,39	86,115
882,55	86,599
882,72	86,484
882,89	86,649
883,06	86,904
883,23	86,995
883,40	86,928
883,57	86,818
883,74	86,821
883,90	87,051
884,07	87,040
884,24	87,105
884,41	86,593
884,58	86,763
884,75	86,758
884,92	86,604
885,08	86,698
885,25	86,680
885,42	86,788
885,59	86,859
885,76	86,653
885,93	86,708
886,10	86,887
886,26	87,037
886,43	86,936
886,60	86,979
886,77	87,018
886,94	86,780
887,11	86,824
887,27	86,641
887,44	86,742
887,61	86,828
887,78	86,908
887,95	86,810
888,11	86,710
888,28	86,802
888,45	86,676
888,62	86,810
888,79	86,902
888,96	86,842
889,12	86,839
889,29	86,681
889,46	86,640
889,63	86,383
889,80	86,458
889,96	86,334
890,13	86,254
890,30	86,468
890,47	86,317
890,64	86,264
890,80	86,225
890,97	86,288
891,14	86,260
891,31	86,201
891,47	86,016
891,64	86,016
891,81	86,016
891,98	86,016
892,15	86,016
